[ALPHA_LOG] 2000010000 8 1 0.5 0 0 122
[ALPHA_LOG] 2000010000 8 2 0.5 0.00247525 3 1212
[ALPHA_LOG] 2000010000 8 3 0.5 0 0 171
[ALPHA_LOG] 2000010000 8 4 0.5 0 0 1319
[ALPHA_LOG] 2000010000 8 5 0.5 0.419355 13 31
[ALPHA_LOG] 2000010000 8 6 0.5 0 0 739
[ALPHA_LOG] 2000010000 8 7 0.5 0 0 79
[ALPHA_LOG] 2000010000 8 8 0.5 0 0 65
[ALPHA_LOG] 2000010000 9 1 0.5 0 0 42
[ALPHA_LOG] 2000010000 9 2 0.5 0.00115075 2 1738
[ALPHA_LOG] 2000010000 9 3 0.5 0 0 42
[ALPHA_LOG] 2000010000 9 5 0.5 0 0 215
[ALPHA_LOG] 2000010000 9 6 0.5 0 0 71
[ALPHA_LOG] 2000010000 9 7 0.5 0 0 21
[ALPHA_LOG] 2000010000 9 8 0.5 0.00045403 2 4405
[ALPHA_LOG] 2000010000 10 2 0.5 0.0192308 2 104
[ALPHA_LOG] 2000010000 10 3 0.5 0 0 4583
[ALPHA_LOG] 2000010000 10 4 0.5 0 0 182
[ALPHA_LOG] 2000010000 10 5 0.5 0 0 20
[ALPHA_LOG] 2000010000 10 6 0.5 0 0 24
[ALPHA_LOG] 2000010000 10 7 0.5 0 0 24
[ALPHA_LOG] 2000010000 11 1 0.5 0.00119689 2 1671
[ALPHA_LOG] 2000010000 11 2 0.5 0 0 49
[ALPHA_LOG] 2000010000 11 4 0.5 0.0033557 2 596
[ALPHA_LOG] 2000010000 11 5 0.5 0 0 60
[ALPHA_LOG] 2000010000 11 6 0.5 0 0 60
[ALPHA_LOG] 2000010000 11 7 0.5 0.00049456 1 2022
[ALPHA_LOG] 2000010000 11 8 0.5 0 0 50
[ALPHA_LOG] 2000020000 8 1 0.5 0.0826446 10 121
[ALPHA_LOG] 2000020000 8 2 0.5 0.00132333 3 2267
[ALPHA_LOG] 2000020000 8 3 0.5 0.00251256 1 398
[ALPHA_LOG] 2000020000 8 4 0.5 0 0 2628
[ALPHA_LOG] 2000020000 8 5 0.5 0 0 17
[ALPHA_LOG] 2000020000 8 6 0.5 0 0 1438
[ALPHA_LOG] 2000020000 8 7 0.5 0 0 65
[ALPHA_LOG] 2000020000 8 8 0.5 0 0 149
[ALPHA_LOG] 2000020000 9 2 0.5 0.001053 3 2849
[ALPHA_LOG] 2000020000 9 3 0.5 0.00401606 1 249
[ALPHA_LOG] 2000020000 9 5 0.5 0.0121951 2 164
[ALPHA_LOG] 2000020000 9 6 0.5 0.333333 12 36
[ALPHA_LOG] 2000020000 9 7 0.5 0 0 31
[ALPHA_LOG] 2000020000 9 8 0.5 0 0 9050
[ALPHA_LOG] 2000020000 10 2 0.5 0 0 297
[ALPHA_LOG] 2000020000 10 3 0.5 0.000217889 2 9179
[ALPHA_LOG] 2000020000 10 4 0.5 0 0 506
[ALPHA_LOG] 2000020000 10 5 0.5 0 0 24
[ALPHA_LOG] 2000020000 10 6 0.5 0 0 24
[ALPHA_LOG] 2000020000 10 7 0.5 0.142857 4 28
[ALPHA_LOG] 2000020000 11 1 0.5 0 0 3399
[ALPHA_LOG] 2000020000 11 2 0.5 0.0333333 3 90
[ALPHA_LOG] 2000020000 11 3 0.5 0 0 60
[ALPHA_LOG] 2000020000 11 4 0.5 0 0 1578
[ALPHA_LOG] 2000020000 11 5 0.5 0 0 90
[ALPHA_LOG] 2000020000 11 6 0.5 0 0 80
[ALPHA_LOG] 2000020000 11 7 0.5 0.000427991 2 4673
[ALPHA_LOG] 2000020000 11 8 0.5 0.269231 7 26
[ALPHA_LOG] 2000030000 8 1 0.5 0 0 99
[ALPHA_LOG] 2000030000 8 2 0.5 0.000516262 2 3874
[ALPHA_LOG] 2000030000 8 3 0.5 0 0 385
[ALPHA_LOG] 2000030000 8 4 0.5 0 0 4100
[ALPHA_LOG] 2000030000 8 5 0.5 0 0 33
[ALPHA_LOG] 2000030000 8 6 0.5 0 0 2538
[ALPHA_LOG] 2000030000 8 7 0.5 0 0 200
[ALPHA_LOG] 2000030000 8 8 0.5 0 0 81
[ALPHA_LOG] 2000030000 9 2 0.5 0.000425985 2 4695
[ALPHA_LOG] 2000030000 9 3 0.5 0.0206186 2 97
[ALPHA_LOG] 2000030000 9 5 0.5 0 0 589
[ALPHA_LOG] 2000030000 9 8 0.5 0 0 13599
[ALPHA_LOG] 2000030000 10 2 0.5 0.00550964 2 363
[ALPHA_LOG] 2000030000 10 3 0.5 0 0 13860
[ALPHA_LOG] 2000030000 10 4 0.5 0.0131579 4 304
[ALPHA_LOG] 2000030000 10 5 0.5 0 0 42
[ALPHA_LOG] 2000030000 10 6 0.5 0 0 41
[ALPHA_LOG] 2000030000 10 7 0.5 0 0 36
[ALPHA_LOG] 2000030000 11 1 0.5 0.000412541 2 4848
[ALPHA_LOG] 2000030000 11 2 0.5 0.166667 8 48
[ALPHA_LOG] 2000030000 11 4 0.5 0 0 1799
[ALPHA_LOG] 2000030000 11 5 0.5 0 0 10
[ALPHA_LOG] 2000030000 11 6 0.25 0.8125 39 48
[ALPHA_LOG] 2000030000 11 7 0.5 0 0 7309
[ALPHA_LOG] 2000030000 11 8 0.5 0 0 38
[ALPHA_LOG] 2000040000 8 1 0.5 0.027027 3 111
[ALPHA_LOG] 2000040000 8 2 0.5 0 0 4939
[ALPHA_LOG] 2000040000 8 3 0.5 0 0 149
[ALPHA_LOG] 2000040000 8 4 0.5 0 0 5368
[ALPHA_LOG] 2000040000 8 5 0.5 0.297297 11 37
[ALPHA_LOG] 2000040000 8 6 0.5 0.000649562 2 3079
[ALPHA_LOG] 2000040000 8 7 0.5 0 0 150
[ALPHA_LOG] 2000040000 8 8 0.5 0 0 64
[ALPHA_LOG] 2000040000 9 1 0.5 0 0 18
[ALPHA_LOG] 2000040000 9 2 0.5 0.000674992 4 5926
[ALPHA_LOG] 2000040000 9 3 0.5 0 0 91
[ALPHA_LOG] 2000040000 9 5 0.5 0 0 865
[ALPHA_LOG] 2000040000 9 6 0.5 0 0 30
[ALPHA_LOG] 2000040000 9 7 0.5 0 0 14
[ALPHA_LOG] 2000040000 9 8 0.5 0 0 17719
[ALPHA_LOG] 2000040000 10 2 0.5 0 0 115
[ALPHA_LOG] 2000040000 10 3 0.5 0.000107319 2 18636
[ALPHA_LOG] 2000040000 10 4 0.5 0.00681818 3 440
[ALPHA_LOG] 2000040000 10 5 0.5 0 0 24
[ALPHA_LOG] 2000040000 10 6 0.5 0.04 1 25
[ALPHA_LOG] 2000040000 10 7 0.5 0 0 24
[ALPHA_LOG] 2000040000 11 1 0.5 0 0 6154
[ALPHA_LOG] 2000040000 11 2 0.5 0 0 88
[ALPHA_LOG] 2000040000 11 3 0.5 0 0 21
[ALPHA_LOG] 2000040000 11 4 0.5 0.00100908 2 1982
[ALPHA_LOG] 2000040000 11 5 0.5 0 0 57
[ALPHA_LOG] 2000040000 11 6 0.3 0 0 62
[ALPHA_LOG] 2000040000 11 7 0.5 0 0 9616
[ALPHA_LOG] 2000040000 11 8 0.5 0 0 49
[ALPHA_LOG] 2000050000 8 1 0.5 0.0124224 2 161
[ALPHA_LOG] 2000050000 8 2 0.5 0.000473111 3 6341
[ALPHA_LOG] 2000050000 8 3 0.5 0.0206897 3 145
[ALPHA_LOG] 2000050000 8 4 0.5 0 0 6632
[ALPHA_LOG] 2000050000 8 5 0.5 0 0 33
[ALPHA_LOG] 2000050000 8 6 0.5 0 0 3989
[ALPHA_LOG] 2000050000 8 7 0.5 0 0 86
[ALPHA_LOG] 2000050000 8 8 0.5 0 0 123
[ALPHA_LOG] 2000050000 9 2 0.5 0 0 7500
[ALPHA_LOG] 2000050000 9 3 0.5 0 0 85
[ALPHA_LOG] 2000050000 9 5 0.5 0.00184672 2 1083
[ALPHA_LOG] 2000050000 9 6 0.5 0 0 42
[ALPHA_LOG] 2000050000 9 7 0.5 0.151515 5 33
[ALPHA_LOG] 2000050000 9 8 0.5 0 0 21920
[ALPHA_LOG] 2000050000 10 3 0.5 0 0 22168
[ALPHA_LOG] 2000050000 11 1 0.5 0.00026347 2 7591
[ALPHA_LOG] 2000050000 11 2 0.5 0.016129 1 62
[ALPHA_LOG] 2000050000 11 4 0.5 0 0 2144
[ALPHA_LOG] 2000050000 11 5 0.5 0 0 40
[ALPHA_LOG] 2000050000 11 6 0.35 0 0 44
[ALPHA_LOG] 2000050000 11 7 0.5 0 0 11541
[ALPHA_LOG] 2000050000 11 8 0.5 0 0 19
[ALPHA_LOG] 2000060000 8 1 0.5 0 0 164
[ALPHA_LOG] 2000060000 8 2 0.5 0 0 6314
[ALPHA_LOG] 2000060000 8 3 0.5 0 0 134
[ALPHA_LOG] 2000060000 8 4 0.5 0 0 7641
[ALPHA_LOG] 2000060000 8 6 0.5 0 0 3744
[ALPHA_LOG] 2000060000 8 7 0.5 0.011236 1 89
[ALPHA_LOG] 2000060000 8 8 0.5 0.030303 2 66
[ALPHA_LOG] 2000060000 9 2 0.5 0.000280073 2 7141
[ALPHA_LOG] 2000060000 9 5 0.5 0 0 1572
[ALPHA_LOG] 2000060000 9 6 0.5 0 0 21
[ALPHA_LOG] 2000060000 9 7 0.5 0 0 14
[ALPHA_LOG] 2000060000 9 8 0.5 0.000123609 3 24270
[ALPHA_LOG] 2000060000 10 3 0.5 0 0 19149
[ALPHA_LOG] 2000060000 10 5 0.5 0 0 24
[ALPHA_LOG] 2000060000 10 6 0.5 0 0 29
[ALPHA_LOG] 2000060000 10 7 0.5 0 0 24
[ALPHA_LOG] 2000060000 11 1 0.5 0 0 9158
[ALPHA_LOG] 2000060000 11 2 0.5 0.223301 23 103
[ALPHA_LOG] 2000060000 11 3 0.5 0 0 33
[ALPHA_LOG] 2000060000 11 4 0.5 0 0 2740
[ALPHA_LOG] 2000060000 11 5 0.5 0.166667 13 78
[ALPHA_LOG] 2000060000 11 6 0.4 0.253165 20 79
[ALPHA_LOG] 2000060000 11 7 0.5 0 0 10147
[ALPHA_LOG] 2000060000 11 8 0.5 0 0 26
[ALPHA_LOG] 2000070000 8 1 0.5 0 0 112
[ALPHA_LOG] 2000070000 8 2 0.5 0.000462321 2 4326
[ALPHA_LOG] 2000070000 8 3 0.5 0 0 142
[ALPHA_LOG] 2000070000 8 4 0.5 0 0 9079
[ALPHA_LOG] 2000070000 8 5 0.5 0.333333 15 45
[ALPHA_LOG] 2000070000 8 6 0.5 0 0 1196
[ALPHA_LOG] 2000070000 8 7 0.5 0.00689655 2 290
[ALPHA_LOG] 2000070000 8 8 0.5 0 0 72
[ALPHA_LOG] 2000070000 9 2 0.5 0 0 5329
[ALPHA_LOG] 2000070000 9 5 0.5 0.00108755 2 1839
[ALPHA_LOG] 2000070000 9 6 0.5 0 0 42
[ALPHA_LOG] 2000070000 9 7 0.5 0 0 32
[ALPHA_LOG] 2000070000 9 8 0.5 7.90264e-05 2 25308
[ALPHA_LOG] 2000070000 10 3 0.5 0 0 16127
[ALPHA_LOG] 2000070000 10 7 0.5 0.666667 12 18
[ALPHA_LOG] 2000070000 11 1 0.5 0 0 10805
[ALPHA_LOG] 2000070000 11 2 0.5 0 0 181
[ALPHA_LOG] 2000070000 11 3 0.5 0 0 37
[ALPHA_LOG] 2000070000 11 4 0.5 0.000673854 2 2968
[ALPHA_LOG] 2000070000 11 5 0.5 0 0 49
[ALPHA_LOG] 2000070000 11 6 0.45 0.0465116 2 43
[ALPHA_LOG] 2000070000 11 7 0.5 0 0 8938
[ALPHA_LOG] 2000070000 11 8 0.5 0 0 49
[ALPHA_LOG] 2000080000 8 1 0.5 0 0 105
[ALPHA_LOG] 2000080000 8 2 0.5 0 0 2574
[ALPHA_LOG] 2000080000 8 3 0.5 0.0144928 2 138
[ALPHA_LOG] 2000080000 8 4 0.5 0 0 10407
[ALPHA_LOG] 2000080000 8 5 0.5 0 0 34
[ALPHA_LOG] 2000080000 8 6 0.5 0.0625 2 32
[ALPHA_LOG] 2000080000 8 7 0.5 0 0 79
[ALPHA_LOG] 2000080000 8 8 0.5 0.00847458 1 118
[ALPHA_LOG] 2000080000 9 1 0.5 0 0 18
[ALPHA_LOG] 2000080000 9 2 0.5 0 0 3406
[ALPHA_LOG] 2000080000 9 5 0.5 0.00093985 2 2128
[ALPHA_LOG] 2000080000 9 6 0.5 0 0 51
[ALPHA_LOG] 2000080000 9 7 0.5 0 0 36
[ALPHA_LOG] 2000080000 9 8 0.5 0 0 25878
[ALPHA_LOG] 2000080000 10 3 0.5 0 0 13268
[ALPHA_LOG] 2000080000 10 5 0.5 0.655172 19 29
[ALPHA_LOG] 2000080000 10 6 0.5 0.333333 12 36
[ALPHA_LOG] 2000080000 10 7 0.5 0.52 13 25
[ALPHA_LOG] 2000080000 11 1 0.5 0 0 11967
[ALPHA_LOG] 2000080000 11 2 0.5 0 0 63
[ALPHA_LOG] 2000080000 11 3 0.25 1 11 11
[ALPHA_LOG] 2000080000 11 4 0.5 0 0 2999
[ALPHA_LOG] 2000080000 11 5 0.5 0.122449 6 49
[ALPHA_LOG] 2000080000 11 6 0.5 0 0 39
[ALPHA_LOG] 2000080000 11 7 0.5 0 0 7456
[ALPHA_LOG] 2000080000 11 8 0.5 0 0 50
[ALPHA_LOG] 2000090000 8 1 0.5 0 0 130
[ALPHA_LOG] 2000090000 8 2 0.5 0 0 339
[ALPHA_LOG] 2000090000 8 3 0.5 0 0 253
[ALPHA_LOG] 2000090000 8 4 0.5 0.000165494 2 12085
[ALPHA_LOG] 2000090000 8 5 0.5 0 0 31
[ALPHA_LOG] 2000090000 8 6 0.5 0 0 35
[ALPHA_LOG] 2000090000 8 7 0.5 0.0152672 2 131
[ALPHA_LOG] 2000090000 8 8 0.5 0 0 72
[ALPHA_LOG] 2000090000 9 1 0.5 0 0 24
[ALPHA_LOG] 2000090000 9 2 0.5 0 0 1506
[ALPHA_LOG] 2000090000 9 5 0.5 0 0 2884
[ALPHA_LOG] 2000090000 9 6 0.5 0 0 75
[ALPHA_LOG] 2000090000 9 7 0.5 0 0 48
[ALPHA_LOG] 2000090000 9 8 0.5 7.58553e-05 2 26366
[ALPHA_LOG] 2000090000 10 3 0.5 0 0 10298
[ALPHA_LOG] 2000090000 10 5 0.5 0.0714286 1 14
[ALPHA_LOG] 2000090000 10 6 0.5 0 0 16
[ALPHA_LOG] 2000090000 10 7 0.5 0 0 18
[ALPHA_LOG] 2000090000 11 1 0.5 0.000147351 2 13573
[ALPHA_LOG] 2000090000 11 2 0.5 0 0 142
[ALPHA_LOG] 2000090000 11 3 0.3 0 0 18
[ALPHA_LOG] 2000090000 11 4 0.5 0 0 3260
[ALPHA_LOG] 2000090000 11 5 0.5 0.47619 20 42
[ALPHA_LOG] 2000090000 11 6 0.5 0.645161 20 31
[ALPHA_LOG] 2000090000 11 7 0.5 0 0 6006
[ALPHA_LOG] 2000090000 11 8 0.5 0 0 54
[ALPHA_LOG] 2000100000 8 1 0.5 0 0 27
[ALPHA_LOG] 2000100000 8 4 0.5 8.50196e-05 1 11762
[ALPHA_LOG] 2000100000 8 5 0.5 0.225806 7 31
[ALPHA_LOG] 2000100000 8 6 0.5 0 0 27
[ALPHA_LOG] 2000100000 8 7 0.5 0 0 42
[ALPHA_LOG] 2000100000 8 8 0.5 0 0 28
[ALPHA_LOG] 2000100000 9 1 0.5 0 0 24
[ALPHA_LOG] 2000100000 9 5 0.5 0.000851426 2 2349
[ALPHA_LOG] 2000100000 9 6 0.5 0 0 60
[ALPHA_LOG] 2000100000 9 7 0.5 0 0 30
[ALPHA_LOG] 2000100000 9 8 0.5 0 0 26147
[ALPHA_LOG] 2000100000 10 3 0.5 0 0 7280
[ALPHA_LOG] 2000100000 10 5 0.5 0 0 24
[ALPHA_LOG] 2000100000 10 6 0.5 0 0 24
[ALPHA_LOG] 2000100000 10 7 0.5 0 0 26
[ALPHA_LOG] 2000100000 11 1 0.5 0.000137969 2 14496
[ALPHA_LOG] 2000100000 11 2 0.5 0 0 36
[ALPHA_LOG] 2000100000 11 3 0.35 0.0967742 3 31
[ALPHA_LOG] 2000100000 11 4 0.5 0.000705467 2 2835
[ALPHA_LOG] 2000100000 11 5 0.5 0 0 103
[ALPHA_LOG] 2000100000 11 6 0.5 0 0 99
[ALPHA_LOG] 2000100000 11 7 0.5 0 0 4694
[ALPHA_LOG] 2000110000 8 1 0.5 0 0 36
[ALPHA_LOG] 2000110000 8 4 0.5 0 0 8829
[ALPHA_LOG] 2000110000 8 5 0.5 0 0 21
[ALPHA_LOG] 2000110000 8 6 0.5 0.0952381 2 21
[ALPHA_LOG] 2000110000 8 7 0.5 0.1 2 20
[ALPHA_LOG] 2000110000 8 8 0.5 0 0 31
[ALPHA_LOG] 2000110000 9 1 0.5 0 0 47
[ALPHA_LOG] 2000110000 9 5 0.5 0 0 666
[ALPHA_LOG] 2000110000 9 6 0.5 0 0 84
[ALPHA_LOG] 2000110000 9 7 0.5 0 0 31
[ALPHA_LOG] 2000110000 9 8 0.5 0 0 23285
[ALPHA_LOG] 2000110000 10 3 0.5 0 0 4420
[ALPHA_LOG] 2000110000 10 5 0.5 0 0 26
[ALPHA_LOG] 2000110000 10 6 0.5 0 0 27
[ALPHA_LOG] 2000110000 10 7 0.5 0 0 24
[ALPHA_LOG] 2000110000 11 1 0.5 0 0 14328
[ALPHA_LOG] 2000110000 11 2 0.5 0 0 42
[ALPHA_LOG] 2000110000 11 3 0.4 0 0 39
[ALPHA_LOG] 2000110000 11 4 0.5 0.0019802 2 1010
[ALPHA_LOG] 2000110000 11 5 0.5 0 0 51
[ALPHA_LOG] 2000110000 11 6 0.5 0.0212766 1 47
[ALPHA_LOG] 2000110000 11 7 0.5 0.0006035 2 3314
[ALPHA_LOG] 2000120000 8 4 0.5 0 0 6205
[ALPHA_LOG] 2000120000 8 5 0.5 0 0 23
[ALPHA_LOG] 2000120000 8 6 0.5 0 0 21
[ALPHA_LOG] 2000120000 8 7 0.5 0 0 18
[ALPHA_LOG] 2000120000 9 5 0.5 0 0 11
[ALPHA_LOG] 2000120000 9 8 0.5 9.88875e-05 2 20225
[ALPHA_LOG] 2000120000 10 3 0.5 0 0 1531
[ALPHA_LOG] 2000120000 10 5 0.5 0 0 24
[ALPHA_LOG] 2000120000 10 6 0.5 0 0 26
[ALPHA_LOG] 2000120000 10 7 0.5 0 0 28
[ALPHA_LOG] 2000120000 11 1 0.5 7.08215e-05 1 14120
[ALPHA_LOG] 2000120000 11 4 0.5 0.263158 5 19
[ALPHA_LOG] 2000120000 11 5 0.5 0 0 31
[ALPHA_LOG] 2000120000 11 6 0.5 0 0 36
[ALPHA_LOG] 2000120000 11 7 0.5 0 0 2048
[ALPHA_LOG] 2000130000 8 1 0.5 0 0 11
[ALPHA_LOG] 2000130000 8 4 0.5 0.000591716 2 3380
[ALPHA_LOG] 2000130000 8 5 0.5 0 0 36
[ALPHA_LOG] 2000130000 8 6 0.5 0 0 36
[ALPHA_LOG] 2000130000 8 7 0.5 0.575758 19 33
[ALPHA_LOG] 2000130000 8 8 0.5 0 0 12
[ALPHA_LOG] 2000130000 9 1 0.5 0.538462 7 13
[ALPHA_LOG] 2000130000 9 5 0.5 0 0 63
[ALPHA_LOG] 2000130000 9 6 0.5 0 0 62
[ALPHA_LOG] 2000130000 9 7 0.5 0 0 30
[ALPHA_LOG] 2000130000 9 8 0.5 0 0 17418
[ALPHA_LOG] 2000130000 10 3 0.5 0 0 24
[ALPHA_LOG] 2000130000 10 5 0.5 0 0 24
[ALPHA_LOG] 2000130000 10 6 0.5 0.307692 8 26
[ALPHA_LOG] 2000130000 10 7 0.5 0 0 28
[ALPHA_LOG] 2000130000 11 1 0.5 0.000141975 2 14087
[ALPHA_LOG] 2000130000 11 2 0.5 0.483871 15 31
[ALPHA_LOG] 2000130000 11 3 0.45 0.536585 22 41
[ALPHA_LOG] 2000130000 11 4 0.5 0 0 12
[ALPHA_LOG] 2000130000 11 5 0.5 0 0 68
[ALPHA_LOG] 2000130000 11 6 0.5 0 0 48
[ALPHA_LOG] 2000130000 11 7 0.5 0 0 843
[ALPHA_LOG] 2000140000 8 1 0.5 0.538462 7 13
[ALPHA_LOG] 2000140000 8 4 0.5 0 0 1126
[ALPHA_LOG] 2000140000 8 5 0.5 0 0 18
[ALPHA_LOG] 2000140000 8 6 0.5 0 0 18
[ALPHA_LOG] 2000140000 8 7 0.5 0 0 18
[ALPHA_LOG] 2000140000 8 8 0.5 0.166667 6 36
[ALPHA_LOG] 2000140000 9 1 0.5 0 0 18
[ALPHA_LOG] 2000140000 9 5 0.5 0.434783 20 46
[ALPHA_LOG] 2000140000 9 6 0.5 0 0 50
[ALPHA_LOG] 2000140000 9 7 0.5 0 0 35
[ALPHA_LOG] 2000140000 9 8 0.5 0 0 14353
[ALPHA_LOG] 2000140000 10 5 0.5 0.5 6 12
[ALPHA_LOG] 2000140000 11 1 0.5 0 0 13903
[ALPHA_LOG] 2000140000 11 2 0.5 0 0 14
[ALPHA_LOG] 2000140000 11 3 0.5 0 0 16
[ALPHA_LOG] 2000140000 11 4 0.5 0 0 57
[ALPHA_LOG] 2000140000 11 5 0.5 0 0 13
[ALPHA_LOG] 2000140000 11 6 0.25 1 13 13
[ALPHA_LOG] 2000140000 11 7 0.5 0 0 31
[ALPHA_LOG] 2000150000 9 1 0.5 0 0 24
[ALPHA_LOG] 2000150000 9 5 0.5 0 0 24
[ALPHA_LOG] 2000150000 9 6 0.5 0 0 24
[ALPHA_LOG] 2000150000 9 8 0.5 8.726e-05 1 11460
[ALPHA_LOG] 2000150000 10 7 0.5 0 0 9
[ALPHA_LOG] 2000150000 11 1 0.5 7.81677e-05 1 12793
[ALPHA_LOG] 2000150000 11 4 0.5 0 0 24
[ALPHA_LOG] 2000150000 11 5 0.5 0 0 31
[ALPHA_LOG] 2000150000 11 6 0.3 0 0 26
[ALPHA_LOG] 2000160000 9 1 0.5 0.210526 8 38
[ALPHA_LOG] 2000160000 9 5 0.5 0 0 25
[ALPHA_LOG] 2000160000 9 6 0.5 0 0 24
[ALPHA_LOG] 2000160000 9 8 0.5 0 0 8667
[ALPHA_LOG] 2000160000 10 3 0.5 0 0 24
[ALPHA_LOG] 2000160000 10 5 0.5 0 0 18
[ALPHA_LOG] 2000160000 10 6 0.5 0 0 18
[ALPHA_LOG] 2000160000 10 7 0.5 0 0 21
[ALPHA_LOG] 2000160000 11 1 0.5 0.00029458 3 10184
[ALPHA_LOG] 2000160000 11 4 0.5 0 0 28
[ALPHA_LOG] 2000160000 11 5 0.5 0 0 22
[ALPHA_LOG] 2000160000 11 6 0.35 0 0 22
[ALPHA_LOG] 2000170000 9 1 0.5 0 0 19
[ALPHA_LOG] 2000170000 9 5 0.5 0 0 16
[ALPHA_LOG] 2000170000 9 6 0.5 0 0 20
[ALPHA_LOG] 2000170000 9 8 0.5 0.000176336 1 5671
[ALPHA_LOG] 2000170000 10 5 0.5 0 0 8
[ALPHA_LOG] 2000170000 10 6 0.5 0 0 11
[ALPHA_LOG] 2000170000 11 1 0.5 0 0 7240
[ALPHA_LOG] 2000170000 11 4 0.5 0 0 24
[ALPHA_LOG] 2000170000 11 5 0.5 0 0 25
[ALPHA_LOG] 2000170000 11 6 0.4 0 0 29
[ALPHA_LOG] 2000180000 9 1 0.5 0 0 29
[ALPHA_LOG] 2000180000 9 5 0.5 0 0 24
[ALPHA_LOG] 2000180000 9 6 0.5 0 0 24
[ALPHA_LOG] 2000180000 9 8 0.5 0.000339328 1 2947
[ALPHA_LOG] 2000180000 10 3 0.5 0 0 25
[ALPHA_LOG] 2000180000 10 5 0.5 0 0 28
[ALPHA_LOG] 2000180000 10 6 0.5 0 0 24
[ALPHA_LOG] 2000180000 10 7 0.5 0.28 7 25
[ALPHA_LOG] 2000180000 11 1 0.5 0 0 4488
[ALPHA_LOG] 2000180000 11 4 0.5 0 0 29
[ALPHA_LOG] 2000180000 11 5 0.5 0 0 24
[ALPHA_LOG] 2000180000 11 6 0.45 0 0 24
[ALPHA_LOG] 2000190000 9 1 0.5 0.666667 12 18
[ALPHA_LOG] 2000190000 9 5 0.5 0 0 18
[ALPHA_LOG] 2000190000 9 6 0.5 0 0 15
[ALPHA_LOG] 2000190000 9 8 0.5 0.0461538 3 65
[ALPHA_LOG] 2000190000 10 3 0.5 0 0 24
[ALPHA_LOG] 2000190000 10 5 0.5 0 0 27
[ALPHA_LOG] 2000190000 10 6 0.25 0.703704 19 27
[ALPHA_LOG] 2000190000 10 7 0.5 0 0 24
[ALPHA_LOG] 2000190000 11 1 0.5 0 0 1747
[ALPHA_LOG] 2000190000 11 4 0.5 0 0 24
[ALPHA_LOG] 2000190000 11 5 0.5 0 0 28
[ALPHA_LOG] 2000190000 11 6 0.5 0 0 25
