1 0 100 10000 2097152 2000000000 18281 0
2 1 100 10000 2097152 2000000000 18281 0
5 4 100 10000 2097152 2000000000 18281 0
6 5 100 10000 2097152 2000000000 18281 0
7 6 100 10000 2097152 2000000000 18281 0
0 7 100 10000 2097152 2000000000 18281 0
3 2 100 10000 2097152 2000000000 18681 0
4 3 100 10000 2097152 2000000000 304421 0
2 1 101 10001 2097152 2000306421 18281 1
6 5 101 10001 2097152 2000306421 18281 1
0 7 101 10001 2097152 2000306421 18281 1
1 0 101 10001 2097152 2000306421 18681 1
4 3 101 10001 2097152 2000306421 151307 1
3 2 101 10001 2097152 2000306421 151319 1
5 4 101 10001 2097152 2000306421 152323 1
7 6 101 10001 2097152 2000306421 304421 1
6 5 102 10002 2097152 2000612841 18282 2
0 7 102 10002 2097152 2000612841 18282 2
3 2 102 10002 2097152 2000612841 18282 2
5 4 102 10002 2097152 2000612841 76257 2
4 3 102 10002 2097152 2000612841 152316 2
7 6 102 10002 2097152 2000612841 152322 2
1 0 102 10002 2097152 2000612841 304422 2
2 1 102 10002 2097152 2000612841 304424 2
5 4 103 10003 2097152 2000919264 18282 3
6 5 103 10003 2097152 2000919264 18282 3
7 6 103 10003 2097152 2000919264 18282 3
4 3 103 10003 2097152 2000919264 61082 3
1 0 103 10003 2097152 2000919264 152320 3
3 2 103 10003 2097152 2000919264 152324 3
2 1 103 10003 2097152 2000919264 304422 3
0 7 103 10003 2097152 2000919264 304422 3
1 0 104 10004 2097152 2001225686 18281 4
2 1 104 10004 2097152 2001225686 18281 4
6 5 104 10004 2097152 2001225686 18281 4
0 7 104 10004 2097152 2001225686 18281 4
4 3 104 10004 2097152 2001225686 18683 4
3 2 104 10004 2097152 2001225686 18683 4
5 4 104 10004 2097152 2001225686 101613 4
7 6 104 10004 2097152 2001225686 304421 4
3 2 105 10005 2097152 2001532107 18281 5
6 5 105 10005 2097152 2001532107 18281 5
7 6 105 10005 2097152 2001532107 18281 5
5 4 105 10005 2097152 2001532107 18681 5
1 0 105 10005 2097152 2001532107 18681 5
4 3 105 10005 2097152 2001532107 101613 5
0 7 105 10005 2097152 2001532107 101613 5
2 1 105 10005 2097152 2001532107 152315 5
2 1 106 10006 2097152 2001686422 18281 6
6 5 106 10006 2097152 2001686422 18281 6
4 3 106 10006 2097152 2001686422 18281 6
3 2 106 10006 2097152 2001686422 18281 6
5 4 106 10006 2097152 2001686422 76265 6
1 0 106 10006 2097152 2001686422 76288 6
7 6 106 10006 2097152 2001686422 101613 6
0 7 106 10006 2097152 2001686422 152315 6
2 1 107 10007 2097152 2001840737 18281 7
3 2 107 10007 2097152 2001840737 18281 7
7 6 107 10007 2097152 2001840737 18281 7
6 5 107 10007 2097152 2001840737 18681 7
0 7 107 10007 2097152 2001840737 76190 7
4 3 107 10007 2097152 2001840737 76211 7
5 4 107 10007 2097152 2001840737 76213 7
1 0 107 10007 2097152 2001840737 101621 7
6 5 108 10008 2097152 2001944357 18282 8
7 6 108 10008 2097152 2001944357 18282 8
4 3 108 10008 2097152 2001944357 18282 8
1 0 108 10008 2097152 2001944357 18682 8
3 2 108 10008 2097152 2001944357 50414 8
0 7 108 10008 2097152 2001944357 61036 8
5 4 108 10008 2097152 2001944357 61121 8
2 1 108 10008 2097152 2001944357 76342 8
1 0 109 10009 2097152 2002022698 18282 9
2 1 109 10009 2097152 2002022698 18282 9
7 6 109 10009 2097152 2002022698 18282 9
5 4 109 10009 2097152 2002022698 43693 9
0 7 109 10009 2097152 2002022698 50918 9
6 5 109 10009 2097152 2002022698 50922 9
3 2 109 10009 2097152 2002022698 61034 9
4 3 109 10009 2097152 2002022698 101614 9
2 1 110 10010 2097152 2002126312 18281 10
3 2 110 10010 2097152 2002126312 18281 10
0 7 110 10010 2097152 2002126312 25703 10
5 4 110 10010 2097152 2002126312 38253 10
7 6 110 10010 2097152 2002126312 38301 10
6 5 110 10010 2097152 2002126312 43662 10
4 3 110 10010 2097152 2002126312 61026 10
1 0 110 10010 2097152 2002126312 76200 10
6 5 111 10011 2097152 2002204512 18281 11
7 6 111 10011 2097152 2002204512 18281 11
4 3 111 10011 2097152 2002204512 18281 11
2 1 111 10011 2097152 2002204512 18281 11
1 0 111 10011 2097152 2002204512 43737 11
5 4 111 10011 2097152 2002204512 76205 11
3 2 111 10011 2097152 2002204512 101613 11
0 7 111 10011 2097152 2002204512 101613 11
6 5 112 10012 2097152 2002308125 18281 12
7 6 112 10012 2097152 2002308125 18281 12
0 7 112 10012 2097152 2002308125 18681 12
1 0 112 10012 2097152 2002308125 23616 12
3 2 112 10012 2097152 2002308125 34114 12
2 1 112 10012 2097152 2002308125 38224 12
4 3 112 10012 2097152 2002308125 42824 12
5 4 112 10012 2097152 2002308125 50917 12
1 0 113 10013 2097152 2002361042 18681 13
6 5 113 10013 2097152 2002361042 18681 13
4 3 113 10013 2097152 2002361042 21873 13
3 2 113 10013 2097152 2002361042 22093 13
2 1 113 10013 2097152 2002361042 23605 13
0 7 113 10013 2097152 2002361042 23691 13
7 6 113 10013 2097152 2002361042 38287 13
5 4 113 10013 2097152 2002361042 43660 13
