2 1 100 10000 131072 2000000000 1732 0
1 0 100 10000 131072 2000000000 1732 0
3 2 100 10000 131072 2000000000 1732 0
5 4 100 10000 131072 2000000000 1734 0
7 6 100 10000 131072 2000000000 1736 0
6 5 100 10000 131072 2000000000 2136 0
0 7 100 10000 131072 2000000000 2290 0
4 3 100 10000 131072 2000000000 19192 0
1 0 101 10001 131072 2000021192 1332 1
2 1 101 10001 131072 2000021192 1332 1
6 5 101 10001 131072 2000021192 1536 1
0 7 101 10001 131072 2000021192 1732 1
4 3 101 10001 131072 2000021192 6712 1
3 2 101 10001 131072 2000021192 6870 1
5 4 101 10001 131072 2000021192 15770 1
7 6 101 10001 131072 2000021192 19192 1
0 7 102 10002 131072 2000042384 1332 2
6 5 102 10002 131072 2000042384 1332 2
3 2 102 10002 131072 2000042384 1936 2
5 4 102 10002 131072 2000042384 2142 2
4 3 102 10002 131072 2000042384 7476 2
7 6 102 10002 131072 2000042384 7514 2
1 0 102 10002 131072 2000042384 19192 2
2 1 102 10002 131072 2000042384 19194 2
7 6 103 10003 131072 2000063577 1733 3
6 5 103 10003 131072 2000063577 2133 3
5 4 103 10003 131072 2000063577 2133 3
4 3 103 10003 131072 2000063577 3967 3
1 0 103 10003 131072 2000063577 9909 3
3 2 103 10003 131072 2000063577 12783 3
0 7 103 10003 131072 2000063577 16393 3
2 1 103 10003 131072 2000063577 19193 3
1 0 104 10004 131072 2000084770 1332 4
6 5 104 10004 131072 2000084770 1332 4
3 2 104 10004 131072 2000084770 1332 4
2 1 104 10004 131072 2000084770 1536 4
0 7 104 10004 131072 2000084770 1874 4
4 3 104 10004 131072 2000084770 2134 4
5 4 104 10004 131072 2000084770 2618 4
7 6 104 10004 131072 2000084770 14402 4
1 0 105 10005 131072 2000101172 1332 5
3 2 105 10005 131072 2000101172 1332 5
5 4 105 10005 131072 2000101172 1732 5
7 6 105 10005 131072 2000101172 1734 5
6 5 105 10005 131072 2000101172 1734 5
4 3 105 10005 131072 2000101172 2384 5
0 7 105 10005 131072 2000101172 2702 5
2 1 105 10005 131072 2000101172 9344 5
2 1 106 10006 131072 2000112516 1332 6
3 2 106 10006 131072 2000112516 1332 6
6 5 106 10006 131072 2000112516 1732 6
1 0 106 10006 131072 2000112516 1868 6
4 3 106 10006 131072 2000112516 1890 6
5 4 106 10006 131072 2000112516 2090 6
0 7 106 10006 131072 2000112516 2290 6
7 6 106 10006 131072 2000112516 2982 6
2 1 107 10007 131072 2000117497 1333 7
6 5 107 10007 131072 2000117497 1733 7
5 4 107 10007 131072 2000117497 1843 7
7 6 107 10007 131072 2000117497 1927 7
3 2 107 10007 131072 2000117497 2155 7
4 3 107 10007 131072 2000117497 2217 7
1 0 107 10007 131072 2000117497 2523 7
0 7 107 10007 131072 2000117497 2705 7
4 3 108 10008 131072 2000122202 1332 8
5 4 108 10008 131072 2000122202 1520 8
6 5 108 10008 131072 2000122202 1536 8
3 2 108 10008 131072 2000122202 1612 8
2 1 108 10008 131072 2000122202 1696 8
7 6 108 10008 131072 2000122202 1732 8
0 7 108 10008 131072 2000122202 1872 8
1 0 108 10008 131072 2000122202 1902 8
0 7 109 10009 131072 2000126104 1520 9
6 5 109 10009 131072 2000126104 1520 9
3 2 109 10009 131072 2000126104 1716 9
1 0 109 10009 131072 2000126104 1732 9
2 1 109 10009 131072 2000126104 1938 9
5 4 109 10009 131072 2000126104 1992 9
7 6 109 10009 131072 2000126104 2108 9
4 3 109 10009 131072 2000126104 3138 9
2 1 110 10010 131072 2000131242 1332 10
0 7 110 10010 131072 2000131242 1524 10
4 3 110 10010 131072 2000131242 1558 10
1 0 110 10010 131072 2000131242 1558 10
7 6 110 10010 131072 2000131242 1614 10
6 5 110 10010 131072 2000131242 1712 10
5 4 110 10010 131072 2000131242 1728 10
3 2 110 10010 131072 2000131242 1936 10
4 3 111 10011 131072 2000135177 1333 11
2 1 111 10011 131072 2000135177 1333 11
7 6 111 10011 131072 2000135177 1733 11
1 0 111 10011 131072 2000135177 1877 11
5 4 111 10011 131072 2000135177 1967 11
6 5 111 10011 131072 2000135177 2263 11
3 2 111 10011 131072 2000135177 2935 11
0 7 111 10011 131072 2000135177 502089 11
0 7 112 10012 131072 2000639265 1333 12
6 5 112 10012 131072 2000639265 1733 12
7 6 112 10012 131072 2000639265 1913 12
3 2 112 10012 131072 2000639265 5283 12
2 1 112 10012 131072 2000639265 7375 12
5 4 112 10012 131072 2000639265 9915 12
4 3 112 10012 131072 2000639265 19193 12
1 0 112 10012 131072 2000639265 19193 12
6 5 113 10013 131072 2000660458 1332 13
1 0 113 10013 131072 2000660458 1732 13
4 3 113 10013 131072 2000660458 2952 13
3 2 113 10013 131072 2000660458 3318 13
0 7 113 10013 131072 2000660458 3670 13
5 4 113 10013 131072 2000660458 5120 13
2 1 113 10013 131072 2000660458 6262 13
7 6 113 10013 131072 2000660458 9686 13
