1 0 100 10000 524288 2000000000 4721 0
2 1 100 10000 524288 2000000000 4721 0
5 4 100 10000 524288 2000000000 4721 0
6 5 100 10000 524288 2000000000 4721 0
7 6 100 10000 524288 2000000000 4721 0
0 7 100 10000 524288 2000000000 4721 0
3 2 100 10000 524288 2000000000 5121 0
4 3 100 10000 524288 2000000000 76162 0
0 7 101 10001 524288 2000078162 4721 1
6 5 101 10001 524288 2000078162 4721 1
1 0 101 10001 524288 2000078162 4721 1
2 1 101 10001 524288 2000078162 4721 1
5 4 101 10001 524288 2000078162 38192 1
7 6 101 10001 524288 2000078162 69698 1
4 3 101 10001 524288 2000078162 75168 1
3 2 101 10001 524288 2000078162 75180 1
0 7 102 10002 524288 2000155341 4722 2
3 2 102 10002 524288 2000155341 4722 2
6 5 102 10002 524288 2000155341 5122 2
7 6 102 10002 524288 2000155341 19199 2
5 4 102 10002 524288 2000155341 19207 2
4 3 102 10002 524288 2000155341 38187 2
1 0 102 10002 524288 2000155341 76163 2
2 1 102 10002 524288 2000155341 76165 2
6 5 103 10003 524288 2000233505 4722 3
5 4 103 10003 524288 2000233505 4722 3
7 6 103 10003 524288 2000233505 5122 3
1 0 103 10003 524288 2000233505 12403 3
4 3 103 10003 524288 2000233505 19221 3
3 2 103 10003 524288 2000233505 38193 3
2 1 103 10003 524288 2000233505 76163 3
0 7 103 10003 524288 2000233505 76163 3
6 5 104 10004 524288 2000311668 4721 4
1 0 104 10004 524288 2000311668 4721 4
0 7 104 10004 524288 2000311668 5121 4
4 3 104 10004 524288 2000311668 5121 4
3 2 104 10004 524288 2000311668 5121 4
2 1 104 10004 524288 2000311668 5123 4
5 4 104 10004 524288 2000311668 25514 4
7 6 104 10004 524288 2000311668 76162 4
3 2 105 10005 524288 2000389830 4721 5
1 0 105 10005 524288 2000389830 4721 5
5 4 105 10005 524288 2000389830 4721 5
6 5 105 10005 524288 2000389830 4721 5
7 6 105 10005 524288 2000389830 5123 5
0 7 105 10005 524288 2000389830 6528 5
4 3 105 10005 524288 2000389830 25508 5
2 1 105 10005 524288 2000389830 38186 5
2 1 106 10006 524288 2000430016 4721 6
4 3 106 10006 524288 2000430016 4721 6
3 2 106 10006 524288 2000430016 4721 6
6 5 106 10006 524288 2000430016 5121 6
1 0 106 10006 524288 2000430016 5952 6
7 6 106 10006 524288 2000430016 15384 6
5 4 106 10006 524288 2000430016 19198 6
0 7 106 10006 524288 2000430016 38186 6
3 2 107 10007 524288 2000470201 4722 7
7 6 107 10007 524288 2000470201 4722 7
6 5 107 10007 524288 2000470201 5122 7
2 1 107 10007 524288 2000470201 5124 7
5 4 107 10007 524288 2000470201 11205 7
0 7 107 10007 524288 2000470201 12903 7
1 0 107 10007 524288 2000470201 14775 7
4 3 107 10007 524288 2000470201 19199 7
4 3 108 10008 524288 2000491400 4721 8
6 5 108 10008 524288 2000491400 4721 8
1 0 108 10008 524288 2000491400 5121 8
7 6 108 10008 524288 2000491400 5121 8
3 2 108 10008 524288 2000491400 6066 8
2 1 108 10008 524288 2000491400 8618 8
0 7 108 10008 524288 2000491400 11062 8
5 4 108 10008 524288 2000491400 15432 8
7 6 109 10009 524288 2000508832 4721 9
1 0 109 10009 524288 2000508832 4721 9
2 1 109 10009 524288 2000508832 5121 9
3 2 109 10009 524288 2000508832 5810 9
0 7 109 10009 524288 2000508832 8798 9
6 5 109 10009 524288 2000508832 11098 9
5 4 109 10009 524288 2000508832 11120 9
4 3 109 10009 524288 2000508832 25548 9
3 2 110 10010 524288 2000536379 4722 10
2 1 110 10010 524288 2000536379 4722 10
0 7 110 10010 524288 2000536379 5617 10
4 3 110 10010 524288 2000536379 5825 10
5 4 110 10010 524288 2000536379 5945 10
7 6 110 10010 524288 2000536379 7187 10
6 5 110 10010 524288 2000536379 9705 10
1 0 110 10010 524288 2000536379 11091 10
7 6 111 10011 524288 2000549470 4721 11
6 5 111 10011 524288 2000549470 4721 11
2 1 111 10011 524288 2000549470 5121 11
4 3 111 10011 524288 2000549470 5121 11
5 4 111 10011 524288 2000549470 7108 11
1 0 111 10011 524288 2000549470 7976 11
0 7 111 10011 524288 2000549470 14126 11
3 2 111 10011 524288 2000549470 25600 11
7 6 112 10012 524288 2000577069 4722 12
6 5 112 10012 524288 2000577069 4722 12
0 7 112 10012 524288 2000577069 4722 12
2 1 112 10012 524288 2000577069 5475 12
1 0 112 10012 524288 2000577069 5475 12
3 2 112 10012 524288 2000577069 5477 12
5 4 112 10012 524288 2000577069 5477 12
4 3 112 10012 524288 2000577069 19205 12
1 0 113 10013 524288 2000598274 4721 13
6 5 113 10013 524288 2000598274 5121 13
2 1 113 10013 524288 2000598274 5474 13
3 2 113 10013 524288 2000598274 5624 13
0 7 113 10013 524288 2000598274 5640 13
4 3 113 10013 524288 2000598274 5730 13
5 4 113 10013 524288 2000598274 5824 13
7 6 113 10013 524288 2000598274 9704 13
