5 4 100 10000 2097152 2000000000 22089 0
3 2 100 10000 2097152 2000000000 22681 0
7 6 100 10000 2097152 2000000000 23105 0
6 5 100 10000 2097152 2000000000 23121 0
1 0 100 10000 2097152 2000000000 23481 0
2 1 100 10000 2097152 2000000000 23611 0
0 7 100 10000 2097152 2000000000 25583 0
4 3 100 10000 2097152 2000000000 117495 0
0 7 101 10001 2097152 2000119494 22316 1
2 1 101 10001 2097152 2000119494 22444 1
1 0 101 10001 2097152 2000119494 22904 1
5 4 101 10001 2097152 2000119494 24597 1
6 5 101 10001 2097152 2000119494 24780 1
4 3 101 10001 2097152 2000119494 30980 1
3 2 101 10001 2097152 2000119494 34446 1
7 6 101 10001 2097152 2000119494 64752 1
3 2 102 10002 2097152 2000186246 21481 2
0 7 102 10002 2097152 2000186246 22801 2
6 5 102 10002 2097152 2000186246 23331 2
4 3 102 10002 2097152 2000186246 24231 2
5 4 102 10002 2097152 2000186246 25578 2
7 6 102 10002 2097152 2000186246 25964 2
2 1 102 10002 2097152 2000186246 94921 2
1 0 102 10002 2097152 2000186246 104597 2
7 6 103 10003 2097152 2000292843 21109 3
5 4 103 10003 2097152 2000292843 23081 3
1 0 103 10003 2097152 2000292843 23455 3
6 5 103 10003 2097152 2000292843 24085 3
4 3 103 10003 2097152 2000292843 24598 3
3 2 103 10003 2097152 2000292843 25264 3
0 7 103 10003 2097152 2000292843 39411 3
2 1 103 10003 2097152 2000292843 51269 3
6 5 104 10004 2097152 2000346112 22373 4
3 2 104 10004 2097152 2000346112 22701 4
0 7 104 10004 2097152 2000346112 22857 4
1 0 104 10004 2097152 2000346112 22993 4
4 3 104 10004 2097152 2000346112 23863 4
5 4 104 10004 2097152 2000346112 24803 4
2 1 104 10004 2097152 2000346112 26055 4
7 6 104 10004 2097152 2000346112 49511 4
3 2 105 10005 2097152 2000397623 21195 5
5 4 105 10005 2097152 2000397623 21607 5
1 0 105 10005 2097152 2000397623 22259 5
7 6 105 10005 2097152 2000397623 22959 5
6 5 105 10005 2097152 2000397623 23359 5
4 3 105 10005 2097152 2000397623 24114 5
2 1 105 10005 2097152 2000397623 24167 5
0 7 105 10005 2097152 2000397623 25907 5
6 5 106 10006 2097152 2000425529 20998 6
2 1 106 10006 2097152 2000425529 22068 6
4 3 106 10006 2097152 2000425529 22288 6
3 2 106 10006 2097152 2000425529 23956 6
5 4 106 10006 2097152 2000425529 25206 6
1 0 106 10006 2097152 2000425529 25637 6
0 7 106 10006 2097152 2000425529 25982 6
7 6 106 10006 2097152 2000425529 28047 6
2 1 107 10007 2097152 2000455575 22493 7
3 2 107 10007 2097152 2000455575 23094 7
7 6 107 10007 2097152 2000455575 23482 7
4 3 107 10007 2097152 2000455575 24326 7
0 7 107 10007 2097152 2000455575 24373 7
1 0 107 10007 2097152 2000455575 24680 7
5 4 107 10007 2097152 2000455575 24932 7
6 5 107 10007 2097152 2000455575 25120 7
1 0 108 10008 2097152 2000482695 19881 8
6 5 108 10008 2097152 2000482695 22355 8
4 3 108 10008 2097152 2000482695 22681 8
7 6 108 10008 2097152 2000482695 22947 8
0 7 108 10008 2097152 2000482695 23171 8
2 1 108 10008 2097152 2000482695 25010 8
5 4 108 10008 2097152 2000482695 25312 8
3 2 108 10008 2097152 2000482695 25820 8
7 6 109 10009 2097152 2000510515 21481 9
1 0 109 10009 2097152 2000510515 21797 9
2 1 109 10009 2097152 2000510515 22473 9
3 2 109 10009 2097152 2000510515 24284 9
0 7 109 10009 2097152 2000510515 24473 9
6 5 109 10009 2097152 2000510515 24730 9
5 4 109 10009 2097152 2000510515 25440 9
4 3 109 10009 2097152 2000510515 25606 9
2 1 110 10010 2097152 2000538121 21431 10
3 2 110 10010 2097152 2000538121 21881 10
4 3 110 10010 2097152 2000538121 22694 10
7 6 110 10010 2097152 2000538121 23206 10
1 0 110 10010 2097152 2000538121 23962 10
6 5 110 10010 2097152 2000538121 24252 10
0 7 110 10010 2097152 2000538121 24258 10
5 4 110 10010 2097152 2000538121 24484 10
2 1 111 10011 2097152 2000564605 20727 11
4 3 111 10011 2097152 2000564605 21881 11
1 0 111 10011 2097152 2000564605 23070 11
5 4 111 10011 2097152 2000564605 23404 11
7 6 111 10011 2097152 2000564605 23599 11
3 2 111 10011 2097152 2000564605 23735 11
6 5 111 10011 2097152 2000564605 24425 11
0 7 111 10011 2097152 2000564605 25478 11
6 5 112 10012 2097152 2000592083 22405 12
5 4 112 10012 2097152 2000592083 23122 12
3 2 112 10012 2097152 2000592083 23998 12
2 1 112 10012 2097152 2000592083 24182 12
1 0 112 10012 2097152 2000592083 24438 12
4 3 112 10012 2097152 2000592083 24755 12
0 7 112 10012 2097152 2000592083 25667 12
7 6 112 10012 2097152 2000592083 26263 12
6 5 113 10013 2097152 2000620345 21482 13
1 0 113 10013 2097152 2000620345 23372 13
3 2 113 10013 2097152 2000620345 23803 13
4 3 113 10013 2097152 2000620345 24844 13
2 1 113 10013 2097152 2000620345 25090 13
0 7 113 10013 2097152 2000620345 25530 13
5 4 113 10013 2097152 2000620345 25734 13
7 6 113 10013 2097152 2000620345 26292 13
