3 7 106 10003 1048576 2000000000 9241 52
1 2 101 10001 1048576 2000000000 9643 15
2 6 105 10002 1048576 2000000000 11090 44
5 4 104 10004 1048576 2000000000 13032 32
1 7 106 10001 1048576 2000000000 14294 50
1 3 102 10001 1048576 2000000000 14522 22
6 3 103 10005 1048576 2000000000 15133 26
1 0 100 10000 1048576 2000000000 18277 0
7 0 100 10006 1048576 2000000000 18280 6
2 7 106 10002 1048576 2000000000 18680 51
6 7 106 10006 1048576 2000000000 18690 55
0 5 104 10000 1048576 2000000000 18732 35
1 4 103 10001 1048576 2000000000 19082 29
4 5 104 10004 1048576 2000000000 19550 39
2 0 100 10001 1048576 2000000000 19676 1
1 6 105 10001 1048576 2000000000 19878 43
7 6 106 10006 1048576 2000000000 19882 48
2 3 102 10002 1048576 2000000000 20041 23
2 4 103 10002 1048576 2000000000 20488 30
3 2 102 10002 1048576 2000000000 20603 16
3 5 104 10003 1048576 2000000000 23990 38
7 2 102 10006 1048576 2000000000 24358 20
3 0 100 10002 1048576 2000000000 24822 2
0 2 101 10000 1048576 2000000000 26637 14
1 5 104 10001 1048576 2000000000 27713 36
3 4 103 10003 1048576 2000000000 27716 31
2 5 104 10002 1048576 2000000000 27716 37
4 7 106 10004 1048576 2000000000 27719 53
6 4 104 10005 1048576 2000000000 27725 33
6 5 105 10005 1048576 2000000000 27728 40
5 7 106 10005 1048576 2000000000 27731 54
4 0 100 10003 1048576 2000000000 28114 3
5 0 100 10004 1048576 2000000000 28118 4
4 2 102 10003 1048576 2000000000 28118 17
3 1 101 10002 1048576 2000000000 28120 9
6 0 100 10005 1048576 2000000000 28122 5
5 2 102 10004 1048576 2000000000 28122 18
7 1 101 10006 1048576 2000000000 28124 13
6 2 102 10005 1048576 2000000000 28126 19
0 1 100 10000 1048576 2000000000 28248 7
7 5 105 10006 1048576 2000000000 32938 41
7 4 104 10006 1048576 2000000000 33542 34
0 7 106 10000 1048576 2000000000 34896 49
0 4 103 10000 1048576 2000000000 34899 28
3 6 105 10003 1048576 2000000000 36758 45
4 6 105 10004 1048576 2000000000 36761 46
5 6 105 10005 1048576 2000000000 36764 47
2 1 101 10001 1048576 2000000000 37151 8
4 1 101 10003 1048576 2000000000 37154 10
5 1 101 10004 1048576 2000000000 37157 11
0 6 105 10000 1048576 2000000000 37158 42
6 1 101 10005 1048576 2000000000 37160 12
0 3 102 10000 1048576 2000000000 37640 21
4 3 103 10003 1048576 2000000000 37644 24
5 3 103 10004 1048576 2000000000 37648 25
7 3 103 10006 1048576 2000000000 37962 27
