1 2 101 10001 4194304 2000000000 37164 15
3 7 106 10003 4194304 2000000000 37562 52
2 6 105 10002 4194304 2000000000 43078 44
5 4 104 10004 4194304 2000000000 51184 32
1 7 106 10001 4194304 2000000000 56808 50
1 3 102 10001 4194304 2000000000 57540 22
6 3 103 10005 4194304 2000000000 60864 26
0 5 104 10000 4194304 2000000000 73316 35
1 0 100 10000 4194304 2000000000 73722 0
7 0 100 10006 4194304 2000000000 73724 6
6 7 106 10006 4194304 2000000000 74530 55
1 6 105 10001 4194304 2000000000 74920 43
7 6 106 10006 4194304 2000000000 74922 48
1 4 103 10001 4194304 2000000000 75732 29
2 7 106 10002 4194304 2000000000 75828 51
2 0 100 10001 4194304 2000000000 76322 1
4 5 104 10004 4194304 2000000000 79140 39
3 2 102 10002 4194304 2000000000 80470 16
2 3 102 10002 4194304 2000000000 81060 23
2 4 103 10002 4194304 2000000000 81566 30
7 2 102 10006 4194304 2000000000 92184 20
3 5 104 10003 4194304 2000000000 96232 38
3 0 100 10002 4194304 2000000000 98070 2
0 2 101 10000 4194304 2000000000 103902 14
0 1 100 10000 4194304 2000000000 109074 7
7 1 101 10006 4194304 2000000000 109078 13
3 1 101 10002 4194304 2000000000 109256 9
4 7 106 10004 4194304 2000000000 109474 53
5 7 106 10005 4194304 2000000000 109476 54
4 2 102 10003 4194304 2000000000 109878 17
5 2 102 10004 4194304 2000000000 109880 18
6 2 102 10005 4194304 2000000000 109882 19
1 5 104 10001 4194304 2000000000 110672 36
2 5 104 10002 4194304 2000000000 110674 37
6 5 105 10005 4194304 2000000000 110686 40
4 0 100 10003 4194304 2000000000 111872 3
5 0 100 10004 4194304 2000000000 111874 4
6 0 100 10005 4194304 2000000000 111876 5
6 4 104 10005 4194304 2000000000 111884 33
3 4 103 10003 4194304 2000000000 111890 31
7 5 105 10006 4194304 2000000000 129334 41
7 4 104 10006 4194304 2000000000 130536 34
0 7 106 10000 4194304 2000000000 135808 49
0 4 103 10000 4194304 2000000000 137202 28
0 3 102 10000 4194304 2000000000 146886 21
4 3 103 10003 4194304 2000000000 146888 24
5 3 103 10004 4194304 2000000000 146890 25
2 1 101 10001 4194304 2000000000 147632 8
4 1 101 10003 4194304 2000000000 147634 10
5 1 101 10004 4194304 2000000000 147636 11
6 1 101 10005 4194304 2000000000 147638 12
0 6 105 10000 4194304 2000000000 148038 42
3 6 105 10003 4194304 2000000000 148040 45
4 6 105 10004 4194304 2000000000 148042 46
5 6 105 10005 4194304 2000000000 148044 47
7 3 103 10006 4194304 2000000000 148434 27
