1 0 100 10000 131072 2000000000 1332 0
2 1 100 10000 131072 2000000000 1332 0
3 2 100 10000 131072 2000000000 1332 0
5 4 100 10000 131072 2000000000 1332 0
6 5 100 10000 131072 2000000000 1332 0
7 6 100 10000 131072 2000000000 1332 0
0 7 100 10000 131072 2000000000 1332 0
4 3 100 10000 131072 2000000000 19192 0
0 7 101 10001 131072 2000021192 1332 1
6 5 101 10001 131072 2000021192 1332 1
1 0 101 10001 131072 2000021192 1332 1
2 1 101 10001 131072 2000021192 1332 1
5 4 101 10001 131072 2000021192 19190 1
3 2 101 10001 131072 2000021192 19192 1
7 6 101 10001 131072 2000021192 19192 1
4 3 101 10001 131072 2000021192 19194 1
0 7 102 10002 131072 2000042386 1332 2
6 5 102 10002 131072 2000042386 1332 2
3 2 102 10002 131072 2000042386 1332 2
7 6 102 10002 131072 2000042386 9706 2
5 4 102 10002 131072 2000042386 19190 2
1 0 102 10002 131072 2000042386 19192 2
4 3 102 10002 131072 2000042386 19192 2
2 1 102 10002 131072 2000042386 19194 2
6 5 103 10003 131072 2000063580 1332 3
7 6 103 10003 131072 2000063580 1332 3
5 4 103 10003 131072 2000063580 1332 3
1 0 103 10003 131072 2000063580 9706 3
3 2 103 10003 131072 2000063580 19190 3
4 3 103 10003 131072 2000063580 19192 3
2 1 103 10003 131072 2000063580 19192 3
0 7 103 10003 131072 2000063580 19192 3
0 7 104 10004 131072 2000084772 1332 4
6 5 104 10004 131072 2000084772 1332 4
4 3 104 10004 131072 2000084772 1332 4
2 1 104 10004 131072 2000084772 1332 4
3 2 104 10004 131072 2000084772 1332 4
1 0 104 10004 131072 2000084772 1332 4
5 4 104 10004 131072 2000084772 9698 4
7 6 104 10004 131072 2000084772 19192 4
7 6 105 10005 131072 2000105963 1333 5
3 2 105 10005 131072 2000105963 1333 5
1 0 105 10005 131072 2000105963 1333 5
5 4 105 10005 131072 2000105963 1333 5
6 5 105 10005 131072 2000105963 1333 5
0 7 105 10005 131072 2000105963 6581 5
2 1 105 10005 131072 2000105963 9699 5
4 3 105 10005 131072 2000105963 9699 5
2 1 106 10006 131072 2000117662 1332 6
6 5 106 10006 131072 2000117662 1332 6
4 3 106 10006 131072 2000117662 1332 6
3 2 106 10006 131072 2000117662 1332 6
1 0 106 10006 131072 2000117662 4946 6
5 4 106 10006 131072 2000117662 6480 6
7 6 106 10006 131072 2000117662 6480 6
0 7 106 10006 131072 2000117662 9698 6
3 2 107 10007 131072 2000129359 1333 7
6 5 107 10007 131072 2000129359 1333 7
7 6 107 10007 131072 2000129359 1333 7
2 1 107 10007 131072 2000129359 1333 7
0 7 107 10007 131072 2000129359 4037 7
4 3 107 10007 131072 2000129359 6567 7
5 4 107 10007 131072 2000129359 6569 7
1 0 107 10007 131072 2000129359 9697 7
1 0 108 10008 131072 2000141056 1332 8
7 6 108 10008 131072 2000141056 1332 8
4 3 108 10008 131072 2000141056 1332 8
6 5 108 10008 131072 2000141056 1332 8
0 7 108 10008 131072 2000141056 3372 8
5 4 108 10008 131072 2000141056 4934 8
3 2 108 10008 131072 2000141056 6582 8
2 1 108 10008 131072 2000141056 9696 8
2 1 109 10009 131072 2000152752 1332 9
7 6 109 10009 131072 2000152752 1332 9
1 0 109 10009 131072 2000152752 1332 9
0 7 109 10009 131072 2000152752 2904 9
6 5 109 10009 131072 2000152752 3994 9
5 4 109 10009 131072 2000152752 5038 9
3 2 109 10009 131072 2000152752 9696 9
4 3 109 10009 131072 2000152752 9698 9
3 2 110 10010 131072 2000164450 1332 10
2 1 110 10010 131072 2000164450 1332 10
0 7 110 10010 131072 2000164450 1732 10
7 6 110 10010 131072 2000164450 1812 10
6 5 110 10010 131072 2000164450 2082 10
5 4 110 10010 131072 2000164450 2968 10
4 3 110 10010 131072 2000164450 6564 10
1 0 110 10010 131072 2000164450 9698 10
4 3 111 10011 131072 2000176148 1332 11
7 6 111 10011 131072 2000176148 1332 11
6 5 111 10011 131072 2000176148 1332 11
2 1 111 10011 131072 2000176148 1732 11
5 4 111 10011 131072 2000176148 3964 11
1 0 111 10011 131072 2000176148 4066 11
0 7 111 10011 131072 2000176148 6480 11
3 2 111 10011 131072 2000176148 6580 11
7 6 112 10012 131072 2000184727 1333 12
6 5 112 10012 131072 2000184727 1333 12
0 7 112 10012 131072 2000184727 1333 12
1 0 112 10012 131072 2000184727 1523 12
3 2 112 10012 131072 2000184727 2703 12
2 1 112 10012 131072 2000184727 3395 12
5 4 112 10012 131072 2000184727 4039 12
4 3 112 10012 131072 2000184727 4937 12
1 0 113 10013 131072 2000191664 1332 13
6 5 113 10013 131072 2000191664 1332 13
2 1 113 10013 131072 2000191664 1520 13
0 7 113 10013 131072 2000191664 1536 13
7 6 113 10013 131072 2000191664 1566 13
3 2 113 10013 131072 2000191664 1668 13
4 3 113 10013 131072 2000191664 1752 13
5 4 113 10013 131072 2000191664 3362 13
