1 2 101 10001 16777216 2000000000 148451 15
3 7 106 10003 16777216 2000000000 149237 52
2 6 105 10002 16777216 2000000000 172059 44
5 4 104 10004 16777216 2000000000 203679 32
1 7 106 10001 16777216 2000000000 232405 50
1 3 102 10001 16777216 2000000000 232469 22
6 3 103 10005 16777216 2000000000 243521 26
1 0 100 10000 16777216 2000000000 293477 0
7 0 100 10006 16777216 2000000000 293484 6
1 6 105 10001 16777216 2000000000 295063 43
7 6 106 10006 16777216 2000000000 295079 48
0 5 104 10000 16777216 2000000000 295199 35
1 4 103 10001 16777216 2000000000 295565 29
2 7 106 10002 16777216 2000000000 296263 51
6 7 106 10006 16777216 2000000000 296273 55
2 0 100 10001 16777216 2000000000 299663 1
3 2 102 10002 16777216 2000000000 319297 16
4 5 104 10004 16777216 2000000000 320995 39
2 4 103 10002 16777216 2000000000 326711 30
2 3 102 10002 16777216 2000000000 329610 23
7 2 102 10006 16777216 2000000000 363035 20
3 5 104 10003 16777216 2000000000 389273 38
3 0 100 10002 16777216 2000000000 392796 2
0 2 101 10000 16777216 2000000000 416041 14
4 2 102 10003 16777216 2000000000 440501 17
5 2 102 10004 16777216 2000000000 440508 18
6 2 102 10005 16777216 2000000000 440515 19
0 1 100 10000 16777216 2000000000 440903 7
3 1 101 10002 16777216 2000000000 440910 9
7 1 101 10006 16777216 2000000000 440917 13
4 7 106 10004 16777216 2000000000 441136 53
5 7 106 10005 16777216 2000000000 441143 54
1 5 104 10001 16777216 2000000000 442483 36
2 5 104 10002 16777216 2000000000 442490 37
6 5 105 10005 16777216 2000000000 442501 40
3 4 103 10003 16777216 2000000000 443732 31
6 4 104 10005 16777216 2000000000 443739 33
5 0 100 10004 16777216 2000000000 444088 4
4 0 100 10003 16777216 2000000000 444089 3
6 0 100 10005 16777216 2000000000 444095 5
7 4 104 10006 16777216 2000000000 515734 34
7 5 105 10006 16777216 2000000000 515849 41
0 7 106 10000 16777216 2000000000 549256 49
0 4 103 10000 16777216 2000000000 550775 28
0 6 105 10000 16777216 2000000000 588377 42
3 6 105 10003 16777216 2000000000 588384 45
4 6 105 10004 16777216 2000000000 588391 46
5 6 105 10005 16777216 2000000000 588398 47
2 1 101 10001 16777216 2000000000 588433 8
4 1 101 10003 16777216 2000000000 588440 10
5 1 101 10004 16777216 2000000000 588447 11
6 1 101 10005 16777216 2000000000 588454 12
0 3 102 10000 16777216 2000000000 590401 21
4 3 103 10003 16777216 2000000000 590408 24
5 3 103 10004 16777216 2000000000 590415 25
7 3 103 10006 16777216 2000000000 590422 27
