1 2 101 10001 16777216 2000000000 145235 15
3 7 106 10003 16777216 2000000000 145637 52
2 6 105 10002 16777216 2000000000 169629 44
5 4 104 10004 16777216 2000000000 202881 32
1 3 102 10001 16777216 2000000000 230357 22
1 7 106 10001 16777216 2000000000 230381 50
6 3 103 10005 16777216 2000000000 241109 26
7 6 106 10006 16777216 2000000000 289469 48
6 7 106 10006 16777216 2000000000 289871 55
0 5 104 10000 16777216 2000000000 290261 35
1 0 100 10000 16777216 2000000000 290261 0
7 0 100 10006 16777216 2000000000 290268 6
1 6 105 10001 16777216 2000000000 290352 43
2 7 106 10002 16777216 2000000000 290669 51
2 0 100 10001 16777216 2000000000 290868 1
1 4 103 10001 16777216 2000000000 291148 29
4 5 104 10004 16777216 2000000000 314367 39
3 2 102 10002 16777216 2000000000 314377 16
2 3 102 10002 16777216 2000000000 325631 23
2 4 103 10002 16777216 2000000000 326130 30
7 2 102 10006 16777216 2000000000 356845 20
3 0 100 10002 16777216 2000000000 387753 2
3 5 104 10003 16777216 2000000000 387760 38
0 2 101 10000 16777216 2000000000 410651 14
1 5 104 10001 16777216 2000000000 434481 36
0 1 100 10000 16777216 2000000000 434481 7
4 2 102 10003 16777216 2000000000 434483 17
4 7 106 10004 16777216 2000000000 434488 53
2 5 104 10002 16777216 2000000000 434488 37
5 2 102 10004 16777216 2000000000 434490 18
7 1 101 10006 16777216 2000000000 434495 13
6 2 102 10005 16777216 2000000000 434497 19
5 7 106 10005 16777216 2000000000 434497 54
6 5 105 10005 16777216 2000000000 434636 40
5 0 100 10004 16777216 2000000000 435288 4
4 0 100 10003 16777216 2000000000 435289 3
3 4 103 10003 16777216 2000000000 435289 31
6 0 100 10005 16777216 2000000000 435295 5
6 4 104 10005 16777216 2000000000 435295 33
3 1 101 10002 16777216 2000000000 436107 9
7 5 105 10006 16777216 2000000000 507200 41
7 4 104 10006 16777216 2000000000 507207 34
0 7 106 10000 16777216 2000000000 542794 49
0 4 103 10000 16777216 2000000000 543269 28
0 3 102 10000 16777216 2000000000 579505 21
4 3 103 10003 16777216 2000000000 579512 24
5 3 103 10004 16777216 2000000000 579519 25
7 3 103 10006 16777216 2000000000 579526 27
2 1 101 10001 16777216 2000000000 579905 8
4 1 101 10003 16777216 2000000000 579912 10
5 1 101 10004 16777216 2000000000 579919 11
6 1 101 10005 16777216 2000000000 579926 12
0 6 105 10000 16777216 2000000000 581121 42
3 6 105 10003 16777216 2000000000 581128 45
4 6 105 10004 16777216 2000000000 581135 46
5 6 105 10005 16777216 2000000000 581142 47
