3 7 106 10003 1048576 2000000000 11769 52
2 6 105 10002 1048576 2000000000 12438 44
1 2 101 10001 1048576 2000000000 12647 15
6 3 103 10005 1048576 2000000000 16207 26
1 7 106 10001 1048576 2000000000 16274 50
5 4 104 10004 1048576 2000000000 16310 32
1 3 102 10001 1048576 2000000000 16916 22
6 7 106 10006 1048576 2000000000 20772 55
2 7 106 10002 1048576 2000000000 20782 51
0 5 104 10000 1048576 2000000000 21088 35
2 0 100 10001 1048576 2000000000 21460 1
1 0 100 10000 1048576 2000000000 22493 0
7 0 100 10006 1048576 2000000000 22496 6
4 5 104 10004 1048576 2000000000 23214 39
1 6 105 10001 1048576 2000000000 23974 43
7 6 106 10006 1048576 2000000000 23986 48
3 2 102 10002 1048576 2000000000 24237 16
1 4 103 10001 1048576 2000000000 24308 29
2 4 103 10002 1048576 2000000000 24831 30
2 3 102 10002 1048576 2000000000 24834 23
3 5 104 10003 1048576 2000000000 28572 38
3 0 100 10002 1048576 2000000000 28876 2
7 2 102 10006 1048576 2000000000 29262 20
0 2 101 10000 1048576 2000000000 31529 14
4 7 106 10004 1048576 2000000000 31779 53
5 7 106 10005 1048576 2000000000 31793 54
4 2 102 10003 1048576 2000000000 32128 17
5 2 102 10004 1048576 2000000000 32132 18
6 2 102 10005 1048576 2000000000 32136 19
0 1 100 10000 1048576 2000000000 32252 7
7 1 101 10006 1048576 2000000000 32260 13
3 1 101 10002 1048576 2000000000 32508 9
4 0 100 10003 1048576 2000000000 32634 3
5 0 100 10004 1048576 2000000000 32638 4
6 0 100 10005 1048576 2000000000 32642 5
3 4 103 10003 1048576 2000000000 32916 31
6 4 104 10005 1048576 2000000000 32925 33
1 5 104 10001 1048576 2000000000 33315 36
2 5 104 10002 1048576 2000000000 33318 37
6 5 105 10005 1048576 2000000000 33321 40
7 5 105 10006 1048576 2000000000 37210 41
7 4 104 10006 1048576 2000000000 40798 34
0 3 102 10000 1048576 2000000000 40952 21
4 3 103 10003 1048576 2000000000 40956 24
5 3 103 10004 1048576 2000000000 40960 25
3 6 105 10003 1048576 2000000000 41775 45
4 6 105 10004 1048576 2000000000 41778 46
5 6 105 10005 1048576 2000000000 41781 47
0 7 106 10000 1048576 2000000000 42560 49
0 4 103 10000 1048576 2000000000 43115 28
2 1 101 10001 1048576 2000000000 43949 8
5 1 101 10004 1048576 2000000000 43955 11
6 1 101 10005 1048576 2000000000 43958 12
4 1 101 10003 1048576 2000000000 44057 10
0 6 105 10000 1048576 2000000000 45892 42
7 3 103 10006 1048576 2000000000 46838 27
