1 2 101 10001 4194304 2000000000 36360 15
3 7 106 10003 4194304 2000000000 36762 52
2 6 105 10002 4194304 2000000000 42728 44
5 4 104 10004 4194304 2000000000 51130 32
1 7 106 10001 4194304 2000000000 57636 50
1 3 102 10001 4194304 2000000000 58038 22
6 3 103 10005 4194304 2000000000 60456 26
6 7 106 10006 4194304 2000000000 72520 55
7 6 106 10006 4194304 2000000000 72528 48
1 4 103 10001 4194304 2000000000 72602 29
1 0 100 10000 4194304 2000000000 72918 0
0 5 104 10000 4194304 2000000000 72918 35
7 0 100 10006 4194304 2000000000 72920 6
2 7 106 10002 4194304 2000000000 72924 51
1 6 105 10001 4194304 2000000000 73004 43
2 0 100 10001 4194304 2000000000 73118 1
4 5 104 10004 4194304 2000000000 78822 39
3 2 102 10002 4194304 2000000000 78888 16
2 4 103 10002 4194304 2000000000 81564 30
2 3 102 10002 4194304 2000000000 81566 23
7 2 102 10006 4194304 2000000000 90580 20
3 5 104 10003 4194304 2000000000 96768 38
3 0 100 10002 4194304 2000000000 96770 2
0 2 101 10000 4194304 2000000000 103260 14
1 5 104 10001 4194304 2000000000 108672 36
0 1 100 10000 4194304 2000000000 108672 7
2 5 104 10002 4194304 2000000000 108674 37
4 7 106 10004 4194304 2000000000 108674 53
7 1 101 10006 4194304 2000000000 108676 13
5 7 106 10005 4194304 2000000000 108676 54
6 5 105 10005 4194304 2000000000 108684 40
3 1 101 10002 4194304 2000000000 108688 9
4 0 100 10003 4194304 2000000000 109072 3
4 2 102 10003 4194304 2000000000 109074 17
5 0 100 10004 4194304 2000000000 109074 4
3 4 103 10003 4194304 2000000000 109074 31
5 2 102 10004 4194304 2000000000 109076 18
6 0 100 10005 4194304 2000000000 109076 5
6 4 104 10005 4194304 2000000000 109076 33
6 2 102 10005 4194304 2000000000 109078 19
7 5 105 10006 4194304 2000000000 127146 41
7 4 104 10006 4194304 2000000000 127148 34
0 7 106 10000 4194304 2000000000 135566 49
0 4 103 10000 4194304 2000000000 135796 28
0 3 102 10000 4194304 2000000000 145228 21
0 6 105 10000 4194304 2000000000 145230 42
4 3 103 10003 4194304 2000000000 145230 24
3 6 105 10003 4194304 2000000000 145232 45
5 3 103 10004 4194304 2000000000 145232 25
4 6 105 10004 4194304 2000000000 145234 46
7 3 103 10006 4194304 2000000000 145234 27
5 6 105 10005 4194304 2000000000 145236 47
2 1 101 10001 4194304 2000000000 145628 8
4 1 101 10003 4194304 2000000000 145630 10
5 1 101 10004 4194304 2000000000 145632 11
6 1 101 10005 4194304 2000000000 145634 12
