1 0 100 10000 524288 2000000000 4721 0
2 1 100 10000 524288 2000000000 4721 0
3 2 100 10000 524288 2000000000 4721 0
5 4 100 10000 524288 2000000000 4721 0
6 5 100 10000 524288 2000000000 4721 0
7 6 100 10000 524288 2000000000 4721 0
0 7 100 10000 524288 2000000000 4721 0
4 3 100 10000 524288 2000000000 76162 0
0 7 101 10001 524288 2000078162 4721 1
6 5 101 10001 524288 2000078162 4721 1
1 0 101 10001 524288 2000078162 4721 1
2 1 101 10001 524288 2000078162 4721 1
5 4 101 10001 524288 2000078162 38192 1
4 3 101 10001 524288 2000078162 75168 1
3 2 101 10001 524288 2000078162 75180 1
7 6 101 10001 524288 2000078162 76162 1
0 7 102 10002 524288 2000156324 4721 2
6 5 102 10002 524288 2000156324 4721 2
3 2 102 10002 524288 2000156324 5121 2
5 4 102 10002 524288 2000156324 25474 2
4 3 102 10002 524288 2000156324 38186 2
7 6 102 10002 524288 2000156324 38190 2
1 0 102 10002 524288 2000156324 76162 2
2 1 102 10002 524288 2000156324 76164 2
6 5 103 10003 524288 2000234487 4722 3
7 6 103 10003 524288 2000234487 4722 3
5 4 103 10003 524288 2000234487 5122 3
4 3 103 10003 524288 2000234487 15397 3
1 0 103 10003 524288 2000234487 38189 3
3 2 103 10003 524288 2000234487 38193 3
2 1 103 10003 524288 2000234487 76163 3
0 7 103 10003 524288 2000234487 76163 3
4 3 104 10004 524288 2000312650 4721 4
0 7 104 10004 524288 2000312650 4721 4
6 5 104 10004 524288 2000312650 4721 4
2 1 104 10004 524288 2000312650 4721 4
3 2 104 10004 524288 2000312650 4721 4
1 0 104 10004 524288 2000312650 4721 4
5 4 104 10004 524288 2000312650 25514 4
7 6 104 10004 524288 2000312650 76162 4
7 6 105 10005 524288 2000390812 4721 5
3 2 105 10005 524288 2000390812 4721 5
1 0 105 10005 524288 2000390812 4721 5
5 4 105 10005 524288 2000390812 4721 5
6 5 105 10005 524288 2000390812 4721 5
4 3 105 10005 524288 2000390812 25508 5
0 7 105 10005 524288 2000390812 25542 5
2 1 105 10005 524288 2000390812 38186 5
2 1 106 10006 524288 2000430998 4721 6
6 5 106 10006 524288 2000430998 4721 6
4 3 106 10006 524288 2000430998 4721 6
3 2 106 10006 524288 2000430998 4721 6
1 0 106 10006 524288 2000430998 19198 6
5 4 106 10006 524288 2000430998 19198 6
7 6 106 10006 524288 2000430998 25554 6
0 7 106 10006 524288 2000430998 38186 6
3 2 107 10007 524288 2000471183 4722 7
6 5 107 10007 524288 2000471183 4722 7
7 6 107 10007 524288 2000471183 4722 7
2 1 107 10007 524288 2000471183 4722 7
4 3 107 10007 524288 2000471183 19199 7
0 7 107 10007 524288 2000471183 19199 7
5 4 107 10007 524288 2000471183 19201 7
1 0 107 10007 524288 2000471183 25481 7
7 6 108 10008 524288 2000498664 4721 8
4 3 108 10008 524288 2000498664 4721 8
6 5 108 10008 524288 2000498664 4721 8
1 0 108 10008 524288 2000498664 4721 8
5 4 108 10008 524288 2000498664 15398 8
0 7 108 10008 524288 2000498664 15430 8
3 2 108 10008 524288 2000498664 15542 8
2 1 108 10008 524288 2000498664 19204 8
2 1 109 10009 524288 2000519868 4721 9
7 6 109 10009 524288 2000519868 4721 9
1 0 109 10009 524288 2000519868 4721 9
5 4 109 10009 524288 2000519868 11120 9
0 7 109 10009 524288 2000519868 12856 9
6 5 109 10009 524288 2000519868 15420 9
3 2 109 10009 524288 2000519868 15512 9
4 3 109 10009 524288 2000519868 25494 9
3 2 110 10010 524288 2000547361 4722 10
2 1 110 10010 524288 2000547361 4722 10
0 7 110 10010 524288 2000547361 6223 10
7 6 110 10010 524288 2000547361 7927 10
5 4 110 10010 524288 2000547361 8711 10
6 5 110 10010 524288 2000547361 9705 10
4 3 110 10010 524288 2000547361 12791 10
1 0 110 10010 524288 2000547361 19199 10
4 3 111 10011 524288 2000568560 4721 11
2 1 111 10011 524288 2000568560 4721 11
7 6 111 10011 524288 2000568560 4721 11
6 5 111 10011 524288 2000568560 4721 11
1 0 111 10011 524288 2000568560 10906 11
0 7 111 10011 524288 2000568560 16370 11
5 4 111 10011 524288 2000568560 19206 11
3 2 111 10011 524288 2000568560 25492 11
7 6 112 10012 524288 2000596052 4721 12
6 5 112 10012 524288 2000596052 4721 12
0 7 112 10012 524288 2000596052 4721 12
1 0 112 10012 524288 2000596052 5638 12
3 2 112 10012 524288 2000596052 5750 12
2 1 112 10012 524288 2000596052 8590 12
5 4 112 10012 524288 2000596052 9704 12
4 3 112 10012 524288 2000596052 19204 12
1 0 113 10013 524288 2000617256 4721 13
6 5 113 10013 524288 2000617256 4721 13
2 1 113 10013 524288 2000617256 5630 13
3 2 113 10013 524288 2000617256 5764 13
4 3 113 10013 524288 2000617256 5868 13
0 7 113 10013 524288 2000617256 6074 13
7 6 113 10013 524288 2000617256 7804 13
5 4 113 10013 524288 2000617256 8676 13
