0 7 100 10000 2097152 2000000000 18281 0
5 4 100 10000 2097152 2000000000 18281 0
2 1 100 10000 2097152 2000000000 18681 0
1 0 100 10000 2097152 2000000000 18681 0
6 5 100 10000 2097152 2000000000 18683 0
7 6 100 10000 2097152 2000000000 18683 0
3 2 100 10000 2097152 2000000000 19081 0
4 3 100 10000 2097152 2000000000 304421 0
1 0 101 10001 2097152 2000306421 18681 1
6 5 101 10001 2097152 2000306421 19081 1
2 1 101 10001 2097152 2000306421 19081 1
0 7 101 10001 2097152 2000306421 19185 1
4 3 101 10001 2097152 2000306421 108371 1
3 2 101 10001 2097152 2000306421 119229 1
7 6 101 10001 2097152 2000306421 129893 1
5 4 101 10001 2097152 2000306421 152323 1
6 5 102 10002 2097152 2000460744 18681 2
0 7 102 10002 2097152 2000460744 18681 2
3 2 102 10002 2097152 2000460744 19081 2
5 4 102 10002 2097152 2000460744 21736 2
4 3 102 10002 2097152 2000460744 42023 2
7 6 102 10002 2097152 2000460744 43658 2
2 1 102 10002 2097152 2000460744 125391 2
1 0 102 10002 2097152 2000460744 163439 2
5 4 103 10003 2097152 2000626183 18281 3
6 5 103 10003 2097152 2000626183 18281 3
7 6 103 10003 2097152 2000626183 19081 3
4 3 103 10003 2097152 2000626183 21774 3
3 2 103 10003 2097152 2000626183 23062 3
1 0 103 10003 2097152 2000626183 43335 3
0 7 103 10003 2097152 2000626183 134581 3
2 1 103 10003 2097152 2000626183 304421 3
3 2 104 10004 2097152 2000932604 18485 4
6 5 104 10004 2097152 2000932604 18681 4
2 1 104 10004 2097152 2000932604 18681 4
1 0 104 10004 2097152 2000932604 18683 4
4 3 104 10004 2097152 2000932604 19081 4
0 7 104 10004 2097152 2000932604 19481 4
5 4 104 10004 2097152 2000932604 22909 4
7 6 104 10004 2097152 2000932604 304421 4
7 6 105 10005 2097152 2001239024 18282 5
3 2 105 10005 2097152 2001239024 18682 5
5 4 105 10005 2097152 2001239024 18682 5
6 5 105 10005 2097152 2001239024 18684 5
1 0 105 10005 2097152 2001239024 19482 5
4 3 105 10005 2097152 2001239024 22521 5
0 7 105 10005 2097152 2001239024 24766 5
2 1 105 10005 2097152 2001239024 152316 5
2 1 106 10006 2097152 2001393340 18681 6
4 3 106 10006 2097152 2001393340 18683 6
3 2 106 10006 2097152 2001393340 19083 6
6 5 106 10006 2097152 2001393340 19481 6
1 0 106 10006 2097152 2001393340 21646 6
5 4 106 10006 2097152 2001393340 21993 6
7 6 106 10006 2097152 2001393340 43664 6
0 7 106 10006 2097152 2001393340 152315 6
6 5 107 10007 2097152 2001547655 19081 7
3 2 107 10007 2097152 2001547655 19085 7
2 1 107 10007 2097152 2001547655 19085 7
7 6 107 10007 2097152 2001547655 19481 7
5 4 107 10007 2097152 2001547655 21572 7
4 3 107 10007 2097152 2001547655 21714 7
0 7 107 10007 2097152 2001547655 25661 7
1 0 107 10007 2097152 2001547655 80626 7
1 0 108 10008 2097152 2001630281 18281 8
4 3 108 10008 2097152 2001630281 18281 8
7 6 108 10008 2097152 2001630281 18281 8
6 5 108 10008 2097152 2001630281 19481 8
5 4 108 10008 2097152 2001630281 21474 8
0 7 108 10008 2097152 2001630281 22101 8
3 2 108 10008 2097152 2001630281 22526 8
2 1 108 10008 2097152 2001630281 24992 8
7 6 109 10009 2097152 2001657273 18681 9
1 0 109 10009 2097152 2001657273 18681 9
2 1 109 10009 2097152 2001657273 19085 9
0 7 109 10009 2097152 2001657273 21293 9
3 2 109 10009 2097152 2001657273 21494 9
6 5 109 10009 2097152 2001657273 21494 9
5 4 109 10009 2097152 2001657273 21720 9
4 3 109 10009 2097152 2001657273 27974 9
2 1 110 10010 2097152 2001687247 18681 10
3 2 110 10010 2097152 2001687247 19481 10
7 6 110 10010 2097152 2001687247 21470 10
5 4 110 10010 2097152 2001687247 21724 10
6 5 110 10010 2097152 2001687247 21724 10
4 3 110 10010 2097152 2001687247 21938 10
0 7 110 10010 2097152 2001687247 22076 10
1 0 110 10010 2097152 2001687247 25554 10
6 5 111 10011 2097152 2001714800 18282 11
4 3 111 10011 2097152 2001714800 18682 11
2 1 111 10011 2097152 2001714800 19082 11
7 6 111 10011 2097152 2001714800 19086 11
5 4 111 10011 2097152 2001714800 21643 11
1 0 111 10011 2097152 2001714800 23619 11
3 2 111 10011 2097152 2001714800 101614 11
0 7 111 10011 2097152 2001714800 101614 11
6 5 112 10012 2097152 2001818414 18681 12
0 7 112 10012 2097152 2001818414 18681 12
7 6 112 10012 2097152 2001818414 19481 12
1 0 112 10012 2097152 2001818414 21643 12
3 2 112 10012 2097152 2001818414 21883 12
5 4 112 10012 2097152 2001818414 21941 12
2 1 112 10012 2097152 2001818414 23611 12
4 3 112 10012 2097152 2001818414 65264 12
6 5 113 10013 2097152 2001885677 19482 13
1 0 113 10013 2097152 2001885677 20682 13
4 3 113 10013 2097152 2001885677 21312 13
7 6 113 10013 2097152 2001885677 21430 13
3 2 113 10013 2097152 2001885677 21444 13
0 7 113 10013 2097152 2001885677 21644 13
5 4 113 10013 2097152 2001885677 21940 13
2 1 113 10013 2097152 2001885677 22340 13
