1 2 101 10001 16777216 2000000000 173461 15
3 7 106 10003 16777216 2000000000 180753 52
2 6 105 10002 16777216 2000000000 191373 44
5 4 104 10004 16777216 2000000000 237491 32
1 3 102 10001 16777216 2000000000 264119 22
1 7 106 10001 16777216 2000000000 266683 50
6 3 103 10005 16777216 2000000000 290706 26
0 5 104 10000 16777216 2000000000 342736 35
7 0 100 10006 16777216 2000000000 343841 6
1 0 100 10000 16777216 2000000000 343875 0
2 7 106 10002 16777216 2000000000 344603 51
6 7 106 10006 16777216 2000000000 344951 55
1 6 105 10001 16777216 2000000000 345835 43
7 6 106 10006 16777216 2000000000 345844 48
1 4 103 10001 16777216 2000000000 349301 29
2 0 100 10001 16777216 2000000000 350666 1
3 2 102 10002 16777216 2000000000 373261 16
4 5 104 10004 16777216 2000000000 380289 39
2 4 103 10002 16777216 2000000000 383276 30
2 3 102 10002 16777216 2000000000 383967 23
7 2 102 10006 16777216 2000000000 410907 20
3 5 104 10003 16777216 2000000000 462325 38
3 0 100 10002 16777216 2000000000 470448 2
0 2 101 10000 16777216 2000000000 487476 14
4 2 102 10003 16777216 2000000000 508347 17
6 2 102 10005 16777216 2000000000 508361 19
5 2 102 10004 16777216 2000000000 508539 18
4 0 100 10003 16777216 2000000000 514831 3
5 0 100 10004 16777216 2000000000 514838 4
6 0 100 10005 16777216 2000000000 514845 5
3 4 103 10003 16777216 2000000000 515500 31
2 5 104 10002 16777216 2000000000 517006 37
1 5 104 10001 16777216 2000000000 517107 36
4 7 106 10004 16777216 2000000000 524319 53
0 1 100 10000 16777216 2000000000 524322 7
5 7 106 10005 16777216 2000000000 524331 54
7 1 101 10006 16777216 2000000000 524336 13
3 1 101 10002 16777216 2000000000 525353 9
6 4 104 10005 16777216 2000000000 525741 33
6 5 105 10005 16777216 2000000000 526658 40
7 5 105 10006 16777216 2000000000 596662 41
7 4 104 10006 16777216 2000000000 597977 34
0 4 103 10000 16777216 2000000000 636983 28
0 7 106 10000 16777216 2000000000 641010 49
0 3 102 10000 16777216 2000000000 678907 21
5 3 103 10004 16777216 2000000000 678921 25
4 3 103 10003 16777216 2000000000 679015 24
7 3 103 10006 16777216 2000000000 686512 27
0 6 105 10000 16777216 2000000000 693439 42
3 6 105 10003 16777216 2000000000 693446 45
4 6 105 10004 16777216 2000000000 693453 46
5 6 105 10005 16777216 2000000000 693460 47
2 1 101 10001 16777216 2000000000 693935 8
4 1 101 10003 16777216 2000000000 693942 10
5 1 101 10004 16777216 2000000000 693949 11
6 1 101 10005 16777216 2000000000 693956 12
