3 2 100 10000 524288 2000000000 4721 0
5 4 100 10000 524288 2000000000 5127 0
2 1 100 10000 524288 2000000000 5127 0
6 5 100 10000 524288 2000000000 5127 0
1 0 100 10000 524288 2000000000 5329 0
7 6 100 10000 524288 2000000000 5733 0
0 7 100 10000 524288 2000000000 5735 0
4 3 100 10000 524288 2000000000 54562 0
1 0 101 10001 524288 2000056562 4721 1
0 7 101 10001 524288 2000056562 4925 1
6 5 101 10001 524288 2000056562 4925 1
2 1 101 10001 524288 2000056562 5531 1
5 4 101 10001 524288 2000056562 6814 1
4 3 101 10001 524288 2000056562 24306 1
3 2 101 10001 524288 2000056562 29904 1
7 6 101 10001 524288 2000056562 44866 1
6 5 102 10002 524288 2000103428 5127 2
3 2 102 10002 524288 2000103428 5127 2
0 7 102 10002 524288 2000103428 5535 2
5 4 102 10002 524288 2000103428 6086 2
7 6 102 10002 524288 2000103428 7026 2
4 3 102 10002 524288 2000103428 10262 2
2 1 102 10002 524288 2000103428 26354 2
1 0 102 10002 524288 2000103428 26484 2
5 4 103 10003 524288 2000131912 4925 3
6 5 103 10003 524288 2000131912 5127 3
7 6 103 10003 524288 2000131912 5127 3
3 2 103 10003 524288 2000131912 5952 3
4 3 103 10003 524288 2000131912 6002 3
1 0 103 10003 524288 2000131912 6880 3
2 1 103 10003 524288 2000131912 38090 3
0 7 103 10003 524288 2000131912 49958 3
2 1 104 10004 524288 2000183869 4722 4
3 2 104 10004 524288 2000183869 4722 4
0 7 104 10004 524288 2000183869 4926 4
4 3 104 10004 524288 2000183869 5128 4
1 0 104 10004 524288 2000183869 5128 4
6 5 104 10004 524288 2000183869 5330 4
5 4 104 10004 524288 2000183869 6197 4
7 6 104 10004 524288 2000183869 35589 4
3 2 105 10005 524288 2000221458 4721 5
5 4 105 10005 524288 2000221458 4925 5
6 5 105 10005 524288 2000221458 4925 5
7 6 105 10005 524288 2000221458 5127 5
1 0 105 10005 524288 2000221458 5129 5
4 3 105 10005 524288 2000221458 5824 5
0 7 105 10005 524288 2000221458 6084 5
2 1 105 10005 524288 2000221458 8618 5
4 3 106 10006 524288 2000232076 4721 6
6 5 106 10006 524288 2000232076 4721 6
3 2 106 10006 524288 2000232076 4925 6
5 4 106 10006 524288 2000232076 5474 6
2 1 106 10006 524288 2000232076 5531 6
1 0 106 10006 524288 2000232076 5874 6
7 6 106 10006 524288 2000232076 6490 6
0 7 106 10006 524288 2000232076 7038 6
6 5 107 10007 524288 2000241114 4925 7
2 1 107 10007 524288 2000241114 4925 7
3 2 107 10007 524288 2000241114 5127 7
7 6 107 10007 524288 2000241114 5329 7
5 4 107 10007 524288 2000241114 5474 7
4 3 107 10007 524288 2000241114 5474 7
1 0 107 10007 524288 2000241114 5642 7
0 7 107 10007 524288 2000241114 5874 7
6 5 108 10008 524288 2000248988 4925 8
7 6 108 10008 524288 2000248988 5127 8
4 3 108 10008 524288 2000248988 5127 8
1 0 108 10008 524288 2000248988 5127 8
0 7 108 10008 524288 2000248988 5674 8
2 1 108 10008 524288 2000248988 5802 8
3 2 108 10008 524288 2000248988 6262 8
5 4 108 10008 524288 2000248988 6276 8
7 6 109 10009 524288 2000257264 4925 9
2 1 109 10009 524288 2000257264 5127 9
1 0 109 10009 524288 2000257264 5127 9
0 7 109 10009 524288 2000257264 5674 9
6 5 109 10009 524288 2000257264 5674 9
3 2 109 10009 524288 2000257264 5876 9
5 4 109 10009 524288 2000257264 6076 9
4 3 109 10009 524288 2000257264 6740 9
3 2 110 10010 524288 2000266004 4925 10
2 1 110 10010 524288 2000266004 5329 10
1 0 110 10010 524288 2000266004 5634 10
5 4 110 10010 524288 2000266004 5876 10
0 7 110 10010 524288 2000266004 5878 10
4 3 110 10010 524288 2000266004 6078 10
6 5 110 10010 524288 2000266004 6476 10
7 6 110 10010 524288 2000266004 6476 10
4 3 111 10011 524288 2000274479 4926 11
2 1 111 10011 524288 2000274479 5128 11
6 5 111 10011 524288 2000274479 5132 11
7 6 111 10011 524288 2000274479 5532 11
5 4 111 10011 524288 2000274479 5675 11
0 7 111 10011 524288 2000274479 5799 11
1 0 111 10011 524288 2000274479 5943 11
3 2 111 10011 524288 2000274479 6029 11
7 6 112 10012 524288 2000282508 4721 12
0 7 112 10012 524288 2000282508 4927 12
6 5 112 10012 524288 2000282508 5127 12
5 4 112 10012 524288 2000282508 5672 12
4 3 112 10012 524288 2000282508 5674 12
1 0 112 10012 524288 2000282508 6074 12
3 2 112 10012 524288 2000282508 6084 12
2 1 112 10012 524288 2000282508 6266 12
1 0 113 10013 524288 2000290774 4925 13
6 5 113 10013 524288 2000290774 5127 13
0 7 113 10013 524288 2000290774 5476 13
7 6 113 10013 524288 2000290774 5476 13
3 2 113 10013 524288 2000290774 5674 13
2 1 113 10013 524288 2000290774 5674 13
5 4 113 10013 524288 2000290774 6074 13
4 3 113 10013 524288 2000290774 6274 13
