1 2 101 10001 4194304 2000000000 39394 15
3 7 106 10003 4194304 2000000000 40812 52
2 6 105 10002 4194304 2000000000 45932 44
5 4 104 10004 4194304 2000000000 50618 32
1 3 102 10001 4194304 2000000000 56088 22
1 7 106 10001 4194304 2000000000 56568 50
6 3 103 10005 4194304 2000000000 60768 26
3 2 102 10002 4194304 2000000000 77726 16
6 7 106 10006 4194304 2000000000 78380 55
4 5 104 10004 4194304 2000000000 78462 39
2 7 106 10002 4194304 2000000000 78478 51
2 0 100 10001 4194304 2000000000 78578 1
1 4 103 10001 4194304 2000000000 79990 29
0 5 104 10000 4194304 2000000000 79994 35
1 6 105 10001 4194304 2000000000 80600 43
7 6 106 10006 4194304 2000000000 80626 48
2 3 102 10002 4194304 2000000000 80916 23
1 0 100 10000 4194304 2000000000 81010 0
7 0 100 10006 4194304 2000000000 81012 6
2 4 103 10002 4194304 2000000000 81410 30
7 2 102 10006 4194304 2000000000 88536 20
3 0 100 10002 4194304 2000000000 96070 2
3 5 104 10003 4194304 2000000000 97140 38
0 2 101 10000 4194304 2000000000 100990 14
4 2 102 10003 4194304 2000000000 116764 17
5 2 102 10004 4194304 2000000000 116766 18
6 2 102 10005 4194304 2000000000 116768 19
4 0 100 10003 4194304 2000000000 117974 3
5 0 100 10004 4194304 2000000000 117976 4
6 0 100 10005 4194304 2000000000 117978 5
1 5 104 10001 4194304 2000000000 118984 36
2 5 104 10002 4194304 2000000000 118986 37
4 7 106 10004 4194304 2000000000 118986 53
5 7 106 10005 4194304 2000000000 118988 54
6 5 105 10005 4194304 2000000000 118996 40
0 1 100 10000 4194304 2000000000 119184 7
3 1 101 10002 4194304 2000000000 119186 9
7 1 101 10006 4194304 2000000000 119188 13
3 4 103 10003 4194304 2000000000 120370 31
6 4 104 10005 4194304 2000000000 120376 33
7 5 105 10006 4194304 2000000000 125498 41
7 4 104 10006 4194304 2000000000 126856 34
0 7 106 10000 4194304 2000000000 135624 49
0 4 103 10000 4194304 2000000000 136298 28
0 6 105 10000 4194304 2000000000 157568 42
3 6 105 10003 4194304 2000000000 157570 45
4 6 105 10004 4194304 2000000000 157572 46
5 6 105 10005 4194304 2000000000 157574 47
0 3 102 10000 4194304 2000000000 158742 21
4 3 103 10003 4194304 2000000000 158744 24
5 3 103 10004 4194304 2000000000 158746 25
7 3 103 10006 4194304 2000000000 158748 27
2 1 101 10001 4194304 2000000000 159984 8
4 1 101 10003 4194304 2000000000 159986 10
5 1 101 10004 4194304 2000000000 159988 11
6 1 101 10005 4194304 2000000000 159990 12
