5112
0 1 3 4194304 0
0 2 3 4194304 0
0 3 3 4194304 0
0 4 3 4194304 0
0 5 3 4194304 0
0 6 3 4194304 0
0 7 3 4194304 0
0 8 3 4194304 0
0 9 3 4194304 0
0 10 3 4194304 0
0 11 3 4194304 0
0 12 3 4194304 0
0 13 3 4194304 0
0 14 3 4194304 0
0 15 3 4194304 0
0 16 3 4194304 0
0 17 3 4194304 0
0 18 3 4194304 0
0 19 3 4194304 0
0 20 3 4194304 0
0 21 3 4194304 0
0 22 3 4194304 0
0 23 3 4194304 0
0 24 3 4194304 0
0 25 3 4194304 0
0 26 3 4194304 0
0 27 3 4194304 0
0 28 3 4194304 0
0 29 3 4194304 0
0 30 3 4194304 0
0 31 3 4194304 0
0 32 3 4194304 0
0 33 3 4194304 0
0 34 3 4194304 0
0 35 3 4194304 0
0 36 3 4194304 0
0 37 3 4194304 0
0 38 3 4194304 0
0 39 3 4194304 0
0 40 3 4194304 0
0 41 3 4194304 0
0 42 3 4194304 0
0 43 3 4194304 0
0 44 3 4194304 0
0 45 3 4194304 0
0 46 3 4194304 0
0 47 3 4194304 0
0 48 3 4194304 0
0 49 3 4194304 0
0 50 3 4194304 0
0 51 3 4194304 0
0 52 3 4194304 0
0 53 3 4194304 0
0 54 3 4194304 0
0 55 3 4194304 0
0 56 3 4194304 0
0 57 3 4194304 0
0 58 3 4194304 0
0 59 3 4194304 0
0 60 3 4194304 0
0 61 3 4194304 0
0 62 3 4194304 0
0 63 3 4194304 0
0 64 3 4194304 0
0 65 3 4194304 0
0 66 3 4194304 0
0 67 3 4194304 0
0 68 3 4194304 0
0 69 3 4194304 0
0 70 3 4194304 0
0 71 3 4194304 0
1 0 3 4194304 0
1 2 3 4194304 0
1 3 3 4194304 0
1 4 3 4194304 0
1 5 3 4194304 0
1 6 3 4194304 0
1 7 3 4194304 0
1 8 3 4194304 0
1 9 3 4194304 0
1 10 3 4194304 0
1 11 3 4194304 0
1 12 3 4194304 0
1 13 3 4194304 0
1 14 3 4194304 0
1 15 3 4194304 0
1 16 3 4194304 0
1 17 3 4194304 0
1 18 3 4194304 0
1 19 3 4194304 0
1 20 3 4194304 0
1 21 3 4194304 0
1 22 3 4194304 0
1 23 3 4194304 0
1 24 3 4194304 0
1 25 3 4194304 0
1 26 3 4194304 0
1 27 3 4194304 0
1 28 3 4194304 0
1 29 3 4194304 0
1 30 3 4194304 0
1 31 3 4194304 0
1 32 3 4194304 0
1 33 3 4194304 0
1 34 3 4194304 0
1 35 3 4194304 0
1 36 3 4194304 0
1 37 3 4194304 0
1 38 3 4194304 0
1 39 3 4194304 0
1 40 3 4194304 0
1 41 3 4194304 0
1 42 3 4194304 0
1 43 3 4194304 0
1 44 3 4194304 0
1 45 3 4194304 0
1 46 3 4194304 0
1 47 3 4194304 0
1 48 3 4194304 0
1 49 3 4194304 0
1 50 3 4194304 0
1 51 3 4194304 0
1 52 3 4194304 0
1 53 3 4194304 0
1 54 3 4194304 0
1 55 3 4194304 0
1 56 3 4194304 0
1 57 3 4194304 0
1 58 3 4194304 0
1 59 3 4194304 0
1 60 3 4194304 0
1 61 3 4194304 0
1 62 3 4194304 0
1 63 3 4194304 0
1 64 3 4194304 0
1 65 3 4194304 0
1 66 3 4194304 0
1 67 3 4194304 0
1 68 3 4194304 0
1 69 3 4194304 0
1 70 3 4194304 0
1 71 3 4194304 0
2 0 3 4194304 0
2 1 3 4194304 0
2 3 3 4194304 0
2 4 3 4194304 0
2 5 3 4194304 0
2 6 3 4194304 0
2 7 3 4194304 0
2 8 3 4194304 0
2 9 3 4194304 0
2 10 3 4194304 0
2 11 3 4194304 0
2 12 3 4194304 0
2 13 3 4194304 0
2 14 3 4194304 0
2 15 3 4194304 0
2 16 3 4194304 0
2 17 3 4194304 0
2 18 3 4194304 0
2 19 3 4194304 0
2 20 3 4194304 0
2 21 3 4194304 0
2 22 3 4194304 0
2 23 3 4194304 0
2 24 3 4194304 0
2 25 3 4194304 0
2 26 3 4194304 0
2 27 3 4194304 0
2 28 3 4194304 0
2 29 3 4194304 0
2 30 3 4194304 0
2 31 3 4194304 0
2 32 3 4194304 0
2 33 3 4194304 0
2 34 3 4194304 0
2 35 3 4194304 0
2 36 3 4194304 0
2 37 3 4194304 0
2 38 3 4194304 0
2 39 3 4194304 0
2 40 3 4194304 0
2 41 3 4194304 0
2 42 3 4194304 0
2 43 3 4194304 0
2 44 3 4194304 0
2 45 3 4194304 0
2 46 3 4194304 0
2 47 3 4194304 0
2 48 3 4194304 0
2 49 3 4194304 0
2 50 3 4194304 0
2 51 3 4194304 0
2 52 3 4194304 0
2 53 3 4194304 0
2 54 3 4194304 0
2 55 3 4194304 0
2 56 3 4194304 0
2 57 3 4194304 0
2 58 3 4194304 0
2 59 3 4194304 0
2 60 3 4194304 0
2 61 3 4194304 0
2 62 3 4194304 0
2 63 3 4194304 0
2 64 3 4194304 0
2 65 3 4194304 0
2 66 3 4194304 0
2 67 3 4194304 0
2 68 3 4194304 0
2 69 3 4194304 0
2 70 3 4194304 0
2 71 3 4194304 0
3 0 3 4194304 0
3 1 3 4194304 0
3 2 3 4194304 0
3 4 3 4194304 0
3 5 3 4194304 0
3 6 3 4194304 0
3 7 3 4194304 0
3 8 3 4194304 0
3 9 3 4194304 0
3 10 3 4194304 0
3 11 3 4194304 0
3 12 3 4194304 0
3 13 3 4194304 0
3 14 3 4194304 0
3 15 3 4194304 0
3 16 3 4194304 0
3 17 3 4194304 0
3 18 3 4194304 0
3 19 3 4194304 0
3 20 3 4194304 0
3 21 3 4194304 0
3 22 3 4194304 0
3 23 3 4194304 0
3 24 3 4194304 0
3 25 3 4194304 0
3 26 3 4194304 0
3 27 3 4194304 0
3 28 3 4194304 0
3 29 3 4194304 0
3 30 3 4194304 0
3 31 3 4194304 0
3 32 3 4194304 0
3 33 3 4194304 0
3 34 3 4194304 0
3 35 3 4194304 0
3 36 3 4194304 0
3 37 3 4194304 0
3 38 3 4194304 0
3 39 3 4194304 0
3 40 3 4194304 0
3 41 3 4194304 0
3 42 3 4194304 0
3 43 3 4194304 0
3 44 3 4194304 0
3 45 3 4194304 0
3 46 3 4194304 0
3 47 3 4194304 0
3 48 3 4194304 0
3 49 3 4194304 0
3 50 3 4194304 0
3 51 3 4194304 0
3 52 3 4194304 0
3 53 3 4194304 0
3 54 3 4194304 0
3 55 3 4194304 0
3 56 3 4194304 0
3 57 3 4194304 0
3 58 3 4194304 0
3 59 3 4194304 0
3 60 3 4194304 0
3 61 3 4194304 0
3 62 3 4194304 0
3 63 3 4194304 0
3 64 3 4194304 0
3 65 3 4194304 0
3 66 3 4194304 0
3 67 3 4194304 0
3 68 3 4194304 0
3 69 3 4194304 0
3 70 3 4194304 0
3 71 3 4194304 0
4 0 3 4194304 0
4 1 3 4194304 0
4 2 3 4194304 0
4 3 3 4194304 0
4 5 3 4194304 0
4 6 3 4194304 0
4 7 3 4194304 0
4 8 3 4194304 0
4 9 3 4194304 0
4 10 3 4194304 0
4 11 3 4194304 0
4 12 3 4194304 0
4 13 3 4194304 0
4 14 3 4194304 0
4 15 3 4194304 0
4 16 3 4194304 0
4 17 3 4194304 0
4 18 3 4194304 0
4 19 3 4194304 0
4 20 3 4194304 0
4 21 3 4194304 0
4 22 3 4194304 0
4 23 3 4194304 0
4 24 3 4194304 0
4 25 3 4194304 0
4 26 3 4194304 0
4 27 3 4194304 0
4 28 3 4194304 0
4 29 3 4194304 0
4 30 3 4194304 0
4 31 3 4194304 0
4 32 3 4194304 0
4 33 3 4194304 0
4 34 3 4194304 0
4 35 3 4194304 0
4 36 3 4194304 0
4 37 3 4194304 0
4 38 3 4194304 0
4 39 3 4194304 0
4 40 3 4194304 0
4 41 3 4194304 0
4 42 3 4194304 0
4 43 3 4194304 0
4 44 3 4194304 0
4 45 3 4194304 0
4 46 3 4194304 0
4 47 3 4194304 0
4 48 3 4194304 0
4 49 3 4194304 0
4 50 3 4194304 0
4 51 3 4194304 0
4 52 3 4194304 0
4 53 3 4194304 0
4 54 3 4194304 0
4 55 3 4194304 0
4 56 3 4194304 0
4 57 3 4194304 0
4 58 3 4194304 0
4 59 3 4194304 0
4 60 3 4194304 0
4 61 3 4194304 0
4 62 3 4194304 0
4 63 3 4194304 0
4 64 3 4194304 0
4 65 3 4194304 0
4 66 3 4194304 0
4 67 3 4194304 0
4 68 3 4194304 0
4 69 3 4194304 0
4 70 3 4194304 0
4 71 3 4194304 0
5 0 3 4194304 0
5 1 3 4194304 0
5 2 3 4194304 0
5 3 3 4194304 0
5 4 3 4194304 0
5 6 3 4194304 0
5 7 3 4194304 0
5 8 3 4194304 0
5 9 3 4194304 0
5 10 3 4194304 0
5 11 3 4194304 0
5 12 3 4194304 0
5 13 3 4194304 0
5 14 3 4194304 0
5 15 3 4194304 0
5 16 3 4194304 0
5 17 3 4194304 0
5 18 3 4194304 0
5 19 3 4194304 0
5 20 3 4194304 0
5 21 3 4194304 0
5 22 3 4194304 0
5 23 3 4194304 0
5 24 3 4194304 0
5 25 3 4194304 0
5 26 3 4194304 0
5 27 3 4194304 0
5 28 3 4194304 0
5 29 3 4194304 0
5 30 3 4194304 0
5 31 3 4194304 0
5 32 3 4194304 0
5 33 3 4194304 0
5 34 3 4194304 0
5 35 3 4194304 0
5 36 3 4194304 0
5 37 3 4194304 0
5 38 3 4194304 0
5 39 3 4194304 0
5 40 3 4194304 0
5 41 3 4194304 0
5 42 3 4194304 0
5 43 3 4194304 0
5 44 3 4194304 0
5 45 3 4194304 0
5 46 3 4194304 0
5 47 3 4194304 0
5 48 3 4194304 0
5 49 3 4194304 0
5 50 3 4194304 0
5 51 3 4194304 0
5 52 3 4194304 0
5 53 3 4194304 0
5 54 3 4194304 0
5 55 3 4194304 0
5 56 3 4194304 0
5 57 3 4194304 0
5 58 3 4194304 0
5 59 3 4194304 0
5 60 3 4194304 0
5 61 3 4194304 0
5 62 3 4194304 0
5 63 3 4194304 0
5 64 3 4194304 0
5 65 3 4194304 0
5 66 3 4194304 0
5 67 3 4194304 0
5 68 3 4194304 0
5 69 3 4194304 0
5 70 3 4194304 0
5 71 3 4194304 0
6 0 3 4194304 0
6 1 3 4194304 0
6 2 3 4194304 0
6 3 3 4194304 0
6 4 3 4194304 0
6 5 3 4194304 0
6 7 3 4194304 0
6 8 3 4194304 0
6 9 3 4194304 0
6 10 3 4194304 0
6 11 3 4194304 0
6 12 3 4194304 0
6 13 3 4194304 0
6 14 3 4194304 0
6 15 3 4194304 0
6 16 3 4194304 0
6 17 3 4194304 0
6 18 3 4194304 0
6 19 3 4194304 0
6 20 3 4194304 0
6 21 3 4194304 0
6 22 3 4194304 0
6 23 3 4194304 0
6 24 3 4194304 0
6 25 3 4194304 0
6 26 3 4194304 0
6 27 3 4194304 0
6 28 3 4194304 0
6 29 3 4194304 0
6 30 3 4194304 0
6 31 3 4194304 0
6 32 3 4194304 0
6 33 3 4194304 0
6 34 3 4194304 0
6 35 3 4194304 0
6 36 3 4194304 0
6 37 3 4194304 0
6 38 3 4194304 0
6 39 3 4194304 0
6 40 3 4194304 0
6 41 3 4194304 0
6 42 3 4194304 0
6 43 3 4194304 0
6 44 3 4194304 0
6 45 3 4194304 0
6 46 3 4194304 0
6 47 3 4194304 0
6 48 3 4194304 0
6 49 3 4194304 0
6 50 3 4194304 0
6 51 3 4194304 0
6 52 3 4194304 0
6 53 3 4194304 0
6 54 3 4194304 0
6 55 3 4194304 0
6 56 3 4194304 0
6 57 3 4194304 0
6 58 3 4194304 0
6 59 3 4194304 0
6 60 3 4194304 0
6 61 3 4194304 0
6 62 3 4194304 0
6 63 3 4194304 0
6 64 3 4194304 0
6 65 3 4194304 0
6 66 3 4194304 0
6 67 3 4194304 0
6 68 3 4194304 0
6 69 3 4194304 0
6 70 3 4194304 0
6 71 3 4194304 0
7 0 3 4194304 0
7 1 3 4194304 0
7 2 3 4194304 0
7 3 3 4194304 0
7 4 3 4194304 0
7 5 3 4194304 0
7 6 3 4194304 0
7 8 3 4194304 0
7 9 3 4194304 0
7 10 3 4194304 0
7 11 3 4194304 0
7 12 3 4194304 0
7 13 3 4194304 0
7 14 3 4194304 0
7 15 3 4194304 0
7 16 3 4194304 0
7 17 3 4194304 0
7 18 3 4194304 0
7 19 3 4194304 0
7 20 3 4194304 0
7 21 3 4194304 0
7 22 3 4194304 0
7 23 3 4194304 0
7 24 3 4194304 0
7 25 3 4194304 0
7 26 3 4194304 0
7 27 3 4194304 0
7 28 3 4194304 0
7 29 3 4194304 0
7 30 3 4194304 0
7 31 3 4194304 0
7 32 3 4194304 0
7 33 3 4194304 0
7 34 3 4194304 0
7 35 3 4194304 0
7 36 3 4194304 0
7 37 3 4194304 0
7 38 3 4194304 0
7 39 3 4194304 0
7 40 3 4194304 0
7 41 3 4194304 0
7 42 3 4194304 0
7 43 3 4194304 0
7 44 3 4194304 0
7 45 3 4194304 0
7 46 3 4194304 0
7 47 3 4194304 0
7 48 3 4194304 0
7 49 3 4194304 0
7 50 3 4194304 0
7 51 3 4194304 0
7 52 3 4194304 0
7 53 3 4194304 0
7 54 3 4194304 0
7 55 3 4194304 0
7 56 3 4194304 0
7 57 3 4194304 0
7 58 3 4194304 0
7 59 3 4194304 0
7 60 3 4194304 0
7 61 3 4194304 0
7 62 3 4194304 0
7 63 3 4194304 0
7 64 3 4194304 0
7 65 3 4194304 0
7 66 3 4194304 0
7 67 3 4194304 0
7 68 3 4194304 0
7 69 3 4194304 0
7 70 3 4194304 0
7 71 3 4194304 0
8 0 3 4194304 0
8 1 3 4194304 0
8 2 3 4194304 0
8 3 3 4194304 0
8 4 3 4194304 0
8 5 3 4194304 0
8 6 3 4194304 0
8 7 3 4194304 0
8 9 3 4194304 0
8 10 3 4194304 0
8 11 3 4194304 0
8 12 3 4194304 0
8 13 3 4194304 0
8 14 3 4194304 0
8 15 3 4194304 0
8 16 3 4194304 0
8 17 3 4194304 0
8 18 3 4194304 0
8 19 3 4194304 0
8 20 3 4194304 0
8 21 3 4194304 0
8 22 3 4194304 0
8 23 3 4194304 0
8 24 3 4194304 0
8 25 3 4194304 0
8 26 3 4194304 0
8 27 3 4194304 0
8 28 3 4194304 0
8 29 3 4194304 0
8 30 3 4194304 0
8 31 3 4194304 0
8 32 3 4194304 0
8 33 3 4194304 0
8 34 3 4194304 0
8 35 3 4194304 0
8 36 3 4194304 0
8 37 3 4194304 0
8 38 3 4194304 0
8 39 3 4194304 0
8 40 3 4194304 0
8 41 3 4194304 0
8 42 3 4194304 0
8 43 3 4194304 0
8 44 3 4194304 0
8 45 3 4194304 0
8 46 3 4194304 0
8 47 3 4194304 0
8 48 3 4194304 0
8 49 3 4194304 0
8 50 3 4194304 0
8 51 3 4194304 0
8 52 3 4194304 0
8 53 3 4194304 0
8 54 3 4194304 0
8 55 3 4194304 0
8 56 3 4194304 0
8 57 3 4194304 0
8 58 3 4194304 0
8 59 3 4194304 0
8 60 3 4194304 0
8 61 3 4194304 0
8 62 3 4194304 0
8 63 3 4194304 0
8 64 3 4194304 0
8 65 3 4194304 0
8 66 3 4194304 0
8 67 3 4194304 0
8 68 3 4194304 0
8 69 3 4194304 0
8 70 3 4194304 0
8 71 3 4194304 0
9 0 3 4194304 0
9 1 3 4194304 0
9 2 3 4194304 0
9 3 3 4194304 0
9 4 3 4194304 0
9 5 3 4194304 0
9 6 3 4194304 0
9 7 3 4194304 0
9 8 3 4194304 0
9 10 3 4194304 0
9 11 3 4194304 0
9 12 3 4194304 0
9 13 3 4194304 0
9 14 3 4194304 0
9 15 3 4194304 0
9 16 3 4194304 0
9 17 3 4194304 0
9 18 3 4194304 0
9 19 3 4194304 0
9 20 3 4194304 0
9 21 3 4194304 0
9 22 3 4194304 0
9 23 3 4194304 0
9 24 3 4194304 0
9 25 3 4194304 0
9 26 3 4194304 0
9 27 3 4194304 0
9 28 3 4194304 0
9 29 3 4194304 0
9 30 3 4194304 0
9 31 3 4194304 0
9 32 3 4194304 0
9 33 3 4194304 0
9 34 3 4194304 0
9 35 3 4194304 0
9 36 3 4194304 0
9 37 3 4194304 0
9 38 3 4194304 0
9 39 3 4194304 0
9 40 3 4194304 0
9 41 3 4194304 0
9 42 3 4194304 0
9 43 3 4194304 0
9 44 3 4194304 0
9 45 3 4194304 0
9 46 3 4194304 0
9 47 3 4194304 0
9 48 3 4194304 0
9 49 3 4194304 0
9 50 3 4194304 0
9 51 3 4194304 0
9 52 3 4194304 0
9 53 3 4194304 0
9 54 3 4194304 0
9 55 3 4194304 0
9 56 3 4194304 0
9 57 3 4194304 0
9 58 3 4194304 0
9 59 3 4194304 0
9 60 3 4194304 0
9 61 3 4194304 0
9 62 3 4194304 0
9 63 3 4194304 0
9 64 3 4194304 0
9 65 3 4194304 0
9 66 3 4194304 0
9 67 3 4194304 0
9 68 3 4194304 0
9 69 3 4194304 0
9 70 3 4194304 0
9 71 3 4194304 0
10 0 3 4194304 0
10 1 3 4194304 0
10 2 3 4194304 0
10 3 3 4194304 0
10 4 3 4194304 0
10 5 3 4194304 0
10 6 3 4194304 0
10 7 3 4194304 0
10 8 3 4194304 0
10 9 3 4194304 0
10 11 3 4194304 0
10 12 3 4194304 0
10 13 3 4194304 0
10 14 3 4194304 0
10 15 3 4194304 0
10 16 3 4194304 0
10 17 3 4194304 0
10 18 3 4194304 0
10 19 3 4194304 0
10 20 3 4194304 0
10 21 3 4194304 0
10 22 3 4194304 0
10 23 3 4194304 0
10 24 3 4194304 0
10 25 3 4194304 0
10 26 3 4194304 0
10 27 3 4194304 0
10 28 3 4194304 0
10 29 3 4194304 0
10 30 3 4194304 0
10 31 3 4194304 0
10 32 3 4194304 0
10 33 3 4194304 0
10 34 3 4194304 0
10 35 3 4194304 0
10 36 3 4194304 0
10 37 3 4194304 0
10 38 3 4194304 0
10 39 3 4194304 0
10 40 3 4194304 0
10 41 3 4194304 0
10 42 3 4194304 0
10 43 3 4194304 0
10 44 3 4194304 0
10 45 3 4194304 0
10 46 3 4194304 0
10 47 3 4194304 0
10 48 3 4194304 0
10 49 3 4194304 0
10 50 3 4194304 0
10 51 3 4194304 0
10 52 3 4194304 0
10 53 3 4194304 0
10 54 3 4194304 0
10 55 3 4194304 0
10 56 3 4194304 0
10 57 3 4194304 0
10 58 3 4194304 0
10 59 3 4194304 0
10 60 3 4194304 0
10 61 3 4194304 0
10 62 3 4194304 0
10 63 3 4194304 0
10 64 3 4194304 0
10 65 3 4194304 0
10 66 3 4194304 0
10 67 3 4194304 0
10 68 3 4194304 0
10 69 3 4194304 0
10 70 3 4194304 0
10 71 3 4194304 0
11 0 3 4194304 0
11 1 3 4194304 0
11 2 3 4194304 0
11 3 3 4194304 0
11 4 3 4194304 0
11 5 3 4194304 0
11 6 3 4194304 0
11 7 3 4194304 0
11 8 3 4194304 0
11 9 3 4194304 0
11 10 3 4194304 0
11 12 3 4194304 0
11 13 3 4194304 0
11 14 3 4194304 0
11 15 3 4194304 0
11 16 3 4194304 0
11 17 3 4194304 0
11 18 3 4194304 0
11 19 3 4194304 0
11 20 3 4194304 0
11 21 3 4194304 0
11 22 3 4194304 0
11 23 3 4194304 0
11 24 3 4194304 0
11 25 3 4194304 0
11 26 3 4194304 0
11 27 3 4194304 0
11 28 3 4194304 0
11 29 3 4194304 0
11 30 3 4194304 0
11 31 3 4194304 0
11 32 3 4194304 0
11 33 3 4194304 0
11 34 3 4194304 0
11 35 3 4194304 0
11 36 3 4194304 0
11 37 3 4194304 0
11 38 3 4194304 0
11 39 3 4194304 0
11 40 3 4194304 0
11 41 3 4194304 0
11 42 3 4194304 0
11 43 3 4194304 0
11 44 3 4194304 0
11 45 3 4194304 0
11 46 3 4194304 0
11 47 3 4194304 0
11 48 3 4194304 0
11 49 3 4194304 0
11 50 3 4194304 0
11 51 3 4194304 0
11 52 3 4194304 0
11 53 3 4194304 0
11 54 3 4194304 0
11 55 3 4194304 0
11 56 3 4194304 0
11 57 3 4194304 0
11 58 3 4194304 0
11 59 3 4194304 0
11 60 3 4194304 0
11 61 3 4194304 0
11 62 3 4194304 0
11 63 3 4194304 0
11 64 3 4194304 0
11 65 3 4194304 0
11 66 3 4194304 0
11 67 3 4194304 0
11 68 3 4194304 0
11 69 3 4194304 0
11 70 3 4194304 0
11 71 3 4194304 0
12 0 3 4194304 0
12 1 3 4194304 0
12 2 3 4194304 0
12 3 3 4194304 0
12 4 3 4194304 0
12 5 3 4194304 0
12 6 3 4194304 0
12 7 3 4194304 0
12 8 3 4194304 0
12 9 3 4194304 0
12 10 3 4194304 0
12 11 3 4194304 0
12 13 3 4194304 0
12 14 3 4194304 0
12 15 3 4194304 0
12 16 3 4194304 0
12 17 3 4194304 0
12 18 3 4194304 0
12 19 3 4194304 0
12 20 3 4194304 0
12 21 3 4194304 0
12 22 3 4194304 0
12 23 3 4194304 0
12 24 3 4194304 0
12 25 3 4194304 0
12 26 3 4194304 0
12 27 3 4194304 0
12 28 3 4194304 0
12 29 3 4194304 0
12 30 3 4194304 0
12 31 3 4194304 0
12 32 3 4194304 0
12 33 3 4194304 0
12 34 3 4194304 0
12 35 3 4194304 0
12 36 3 4194304 0
12 37 3 4194304 0
12 38 3 4194304 0
12 39 3 4194304 0
12 40 3 4194304 0
12 41 3 4194304 0
12 42 3 4194304 0
12 43 3 4194304 0
12 44 3 4194304 0
12 45 3 4194304 0
12 46 3 4194304 0
12 47 3 4194304 0
12 48 3 4194304 0
12 49 3 4194304 0
12 50 3 4194304 0
12 51 3 4194304 0
12 52 3 4194304 0
12 53 3 4194304 0
12 54 3 4194304 0
12 55 3 4194304 0
12 56 3 4194304 0
12 57 3 4194304 0
12 58 3 4194304 0
12 59 3 4194304 0
12 60 3 4194304 0
12 61 3 4194304 0
12 62 3 4194304 0
12 63 3 4194304 0
12 64 3 4194304 0
12 65 3 4194304 0
12 66 3 4194304 0
12 67 3 4194304 0
12 68 3 4194304 0
12 69 3 4194304 0
12 70 3 4194304 0
12 71 3 4194304 0
13 0 3 4194304 0
13 1 3 4194304 0
13 2 3 4194304 0
13 3 3 4194304 0
13 4 3 4194304 0
13 5 3 4194304 0
13 6 3 4194304 0
13 7 3 4194304 0
13 8 3 4194304 0
13 9 3 4194304 0
13 10 3 4194304 0
13 11 3 4194304 0
13 12 3 4194304 0
13 14 3 4194304 0
13 15 3 4194304 0
13 16 3 4194304 0
13 17 3 4194304 0
13 18 3 4194304 0
13 19 3 4194304 0
13 20 3 4194304 0
13 21 3 4194304 0
13 22 3 4194304 0
13 23 3 4194304 0
13 24 3 4194304 0
13 25 3 4194304 0
13 26 3 4194304 0
13 27 3 4194304 0
13 28 3 4194304 0
13 29 3 4194304 0
13 30 3 4194304 0
13 31 3 4194304 0
13 32 3 4194304 0
13 33 3 4194304 0
13 34 3 4194304 0
13 35 3 4194304 0
13 36 3 4194304 0
13 37 3 4194304 0
13 38 3 4194304 0
13 39 3 4194304 0
13 40 3 4194304 0
13 41 3 4194304 0
13 42 3 4194304 0
13 43 3 4194304 0
13 44 3 4194304 0
13 45 3 4194304 0
13 46 3 4194304 0
13 47 3 4194304 0
13 48 3 4194304 0
13 49 3 4194304 0
13 50 3 4194304 0
13 51 3 4194304 0
13 52 3 4194304 0
13 53 3 4194304 0
13 54 3 4194304 0
13 55 3 4194304 0
13 56 3 4194304 0
13 57 3 4194304 0
13 58 3 4194304 0
13 59 3 4194304 0
13 60 3 4194304 0
13 61 3 4194304 0
13 62 3 4194304 0
13 63 3 4194304 0
13 64 3 4194304 0
13 65 3 4194304 0
13 66 3 4194304 0
13 67 3 4194304 0
13 68 3 4194304 0
13 69 3 4194304 0
13 70 3 4194304 0
13 71 3 4194304 0
14 0 3 4194304 0
14 1 3 4194304 0
14 2 3 4194304 0
14 3 3 4194304 0
14 4 3 4194304 0
14 5 3 4194304 0
14 6 3 4194304 0
14 7 3 4194304 0
14 8 3 4194304 0
14 9 3 4194304 0
14 10 3 4194304 0
14 11 3 4194304 0
14 12 3 4194304 0
14 13 3 4194304 0
14 15 3 4194304 0
14 16 3 4194304 0
14 17 3 4194304 0
14 18 3 4194304 0
14 19 3 4194304 0
14 20 3 4194304 0
14 21 3 4194304 0
14 22 3 4194304 0
14 23 3 4194304 0
14 24 3 4194304 0
14 25 3 4194304 0
14 26 3 4194304 0
14 27 3 4194304 0
14 28 3 4194304 0
14 29 3 4194304 0
14 30 3 4194304 0
14 31 3 4194304 0
14 32 3 4194304 0
14 33 3 4194304 0
14 34 3 4194304 0
14 35 3 4194304 0
14 36 3 4194304 0
14 37 3 4194304 0
14 38 3 4194304 0
14 39 3 4194304 0
14 40 3 4194304 0
14 41 3 4194304 0
14 42 3 4194304 0
14 43 3 4194304 0
14 44 3 4194304 0
14 45 3 4194304 0
14 46 3 4194304 0
14 47 3 4194304 0
14 48 3 4194304 0
14 49 3 4194304 0
14 50 3 4194304 0
14 51 3 4194304 0
14 52 3 4194304 0
14 53 3 4194304 0
14 54 3 4194304 0
14 55 3 4194304 0
14 56 3 4194304 0
14 57 3 4194304 0
14 58 3 4194304 0
14 59 3 4194304 0
14 60 3 4194304 0
14 61 3 4194304 0
14 62 3 4194304 0
14 63 3 4194304 0
14 64 3 4194304 0
14 65 3 4194304 0
14 66 3 4194304 0
14 67 3 4194304 0
14 68 3 4194304 0
14 69 3 4194304 0
14 70 3 4194304 0
14 71 3 4194304 0
15 0 3 4194304 0
15 1 3 4194304 0
15 2 3 4194304 0
15 3 3 4194304 0
15 4 3 4194304 0
15 5 3 4194304 0
15 6 3 4194304 0
15 7 3 4194304 0
15 8 3 4194304 0
15 9 3 4194304 0
15 10 3 4194304 0
15 11 3 4194304 0
15 12 3 4194304 0
15 13 3 4194304 0
15 14 3 4194304 0
15 16 3 4194304 0
15 17 3 4194304 0
15 18 3 4194304 0
15 19 3 4194304 0
15 20 3 4194304 0
15 21 3 4194304 0
15 22 3 4194304 0
15 23 3 4194304 0
15 24 3 4194304 0
15 25 3 4194304 0
15 26 3 4194304 0
15 27 3 4194304 0
15 28 3 4194304 0
15 29 3 4194304 0
15 30 3 4194304 0
15 31 3 4194304 0
15 32 3 4194304 0
15 33 3 4194304 0
15 34 3 4194304 0
15 35 3 4194304 0
15 36 3 4194304 0
15 37 3 4194304 0
15 38 3 4194304 0
15 39 3 4194304 0
15 40 3 4194304 0
15 41 3 4194304 0
15 42 3 4194304 0
15 43 3 4194304 0
15 44 3 4194304 0
15 45 3 4194304 0
15 46 3 4194304 0
15 47 3 4194304 0
15 48 3 4194304 0
15 49 3 4194304 0
15 50 3 4194304 0
15 51 3 4194304 0
15 52 3 4194304 0
15 53 3 4194304 0
15 54 3 4194304 0
15 55 3 4194304 0
15 56 3 4194304 0
15 57 3 4194304 0
15 58 3 4194304 0
15 59 3 4194304 0
15 60 3 4194304 0
15 61 3 4194304 0
15 62 3 4194304 0
15 63 3 4194304 0
15 64 3 4194304 0
15 65 3 4194304 0
15 66 3 4194304 0
15 67 3 4194304 0
15 68 3 4194304 0
15 69 3 4194304 0
15 70 3 4194304 0
15 71 3 4194304 0
16 0 3 4194304 0
16 1 3 4194304 0
16 2 3 4194304 0
16 3 3 4194304 0
16 4 3 4194304 0
16 5 3 4194304 0
16 6 3 4194304 0
16 7 3 4194304 0
16 8 3 4194304 0
16 9 3 4194304 0
16 10 3 4194304 0
16 11 3 4194304 0
16 12 3 4194304 0
16 13 3 4194304 0
16 14 3 4194304 0
16 15 3 4194304 0
16 17 3 4194304 0
16 18 3 4194304 0
16 19 3 4194304 0
16 20 3 4194304 0
16 21 3 4194304 0
16 22 3 4194304 0
16 23 3 4194304 0
16 24 3 4194304 0
16 25 3 4194304 0
16 26 3 4194304 0
16 27 3 4194304 0
16 28 3 4194304 0
16 29 3 4194304 0
16 30 3 4194304 0
16 31 3 4194304 0
16 32 3 4194304 0
16 33 3 4194304 0
16 34 3 4194304 0
16 35 3 4194304 0
16 36 3 4194304 0
16 37 3 4194304 0
16 38 3 4194304 0
16 39 3 4194304 0
16 40 3 4194304 0
16 41 3 4194304 0
16 42 3 4194304 0
16 43 3 4194304 0
16 44 3 4194304 0
16 45 3 4194304 0
16 46 3 4194304 0
16 47 3 4194304 0
16 48 3 4194304 0
16 49 3 4194304 0
16 50 3 4194304 0
16 51 3 4194304 0
16 52 3 4194304 0
16 53 3 4194304 0
16 54 3 4194304 0
16 55 3 4194304 0
16 56 3 4194304 0
16 57 3 4194304 0
16 58 3 4194304 0
16 59 3 4194304 0
16 60 3 4194304 0
16 61 3 4194304 0
16 62 3 4194304 0
16 63 3 4194304 0
16 64 3 4194304 0
16 65 3 4194304 0
16 66 3 4194304 0
16 67 3 4194304 0
16 68 3 4194304 0
16 69 3 4194304 0
16 70 3 4194304 0
16 71 3 4194304 0
17 0 3 4194304 0
17 1 3 4194304 0
17 2 3 4194304 0
17 3 3 4194304 0
17 4 3 4194304 0
17 5 3 4194304 0
17 6 3 4194304 0
17 7 3 4194304 0
17 8 3 4194304 0
17 9 3 4194304 0
17 10 3 4194304 0
17 11 3 4194304 0
17 12 3 4194304 0
17 13 3 4194304 0
17 14 3 4194304 0
17 15 3 4194304 0
17 16 3 4194304 0
17 18 3 4194304 0
17 19 3 4194304 0
17 20 3 4194304 0
17 21 3 4194304 0
17 22 3 4194304 0
17 23 3 4194304 0
17 24 3 4194304 0
17 25 3 4194304 0
17 26 3 4194304 0
17 27 3 4194304 0
17 28 3 4194304 0
17 29 3 4194304 0
17 30 3 4194304 0
17 31 3 4194304 0
17 32 3 4194304 0
17 33 3 4194304 0
17 34 3 4194304 0
17 35 3 4194304 0
17 36 3 4194304 0
17 37 3 4194304 0
17 38 3 4194304 0
17 39 3 4194304 0
17 40 3 4194304 0
17 41 3 4194304 0
17 42 3 4194304 0
17 43 3 4194304 0
17 44 3 4194304 0
17 45 3 4194304 0
17 46 3 4194304 0
17 47 3 4194304 0
17 48 3 4194304 0
17 49 3 4194304 0
17 50 3 4194304 0
17 51 3 4194304 0
17 52 3 4194304 0
17 53 3 4194304 0
17 54 3 4194304 0
17 55 3 4194304 0
17 56 3 4194304 0
17 57 3 4194304 0
17 58 3 4194304 0
17 59 3 4194304 0
17 60 3 4194304 0
17 61 3 4194304 0
17 62 3 4194304 0
17 63 3 4194304 0
17 64 3 4194304 0
17 65 3 4194304 0
17 66 3 4194304 0
17 67 3 4194304 0
17 68 3 4194304 0
17 69 3 4194304 0
17 70 3 4194304 0
17 71 3 4194304 0
18 0 3 4194304 0
18 1 3 4194304 0
18 2 3 4194304 0
18 3 3 4194304 0
18 4 3 4194304 0
18 5 3 4194304 0
18 6 3 4194304 0
18 7 3 4194304 0
18 8 3 4194304 0
18 9 3 4194304 0
18 10 3 4194304 0
18 11 3 4194304 0
18 12 3 4194304 0
18 13 3 4194304 0
18 14 3 4194304 0
18 15 3 4194304 0
18 16 3 4194304 0
18 17 3 4194304 0
18 19 3 4194304 0
18 20 3 4194304 0
18 21 3 4194304 0
18 22 3 4194304 0
18 23 3 4194304 0
18 24 3 4194304 0
18 25 3 4194304 0
18 26 3 4194304 0
18 27 3 4194304 0
18 28 3 4194304 0
18 29 3 4194304 0
18 30 3 4194304 0
18 31 3 4194304 0
18 32 3 4194304 0
18 33 3 4194304 0
18 34 3 4194304 0
18 35 3 4194304 0
18 36 3 4194304 0
18 37 3 4194304 0
18 38 3 4194304 0
18 39 3 4194304 0
18 40 3 4194304 0
18 41 3 4194304 0
18 42 3 4194304 0
18 43 3 4194304 0
18 44 3 4194304 0
18 45 3 4194304 0
18 46 3 4194304 0
18 47 3 4194304 0
18 48 3 4194304 0
18 49 3 4194304 0
18 50 3 4194304 0
18 51 3 4194304 0
18 52 3 4194304 0
18 53 3 4194304 0
18 54 3 4194304 0
18 55 3 4194304 0
18 56 3 4194304 0
18 57 3 4194304 0
18 58 3 4194304 0
18 59 3 4194304 0
18 60 3 4194304 0
18 61 3 4194304 0
18 62 3 4194304 0
18 63 3 4194304 0
18 64 3 4194304 0
18 65 3 4194304 0
18 66 3 4194304 0
18 67 3 4194304 0
18 68 3 4194304 0
18 69 3 4194304 0
18 70 3 4194304 0
18 71 3 4194304 0
19 0 3 4194304 0
19 1 3 4194304 0
19 2 3 4194304 0
19 3 3 4194304 0
19 4 3 4194304 0
19 5 3 4194304 0
19 6 3 4194304 0
19 7 3 4194304 0
19 8 3 4194304 0
19 9 3 4194304 0
19 10 3 4194304 0
19 11 3 4194304 0
19 12 3 4194304 0
19 13 3 4194304 0
19 14 3 4194304 0
19 15 3 4194304 0
19 16 3 4194304 0
19 17 3 4194304 0
19 18 3 4194304 0
19 20 3 4194304 0
19 21 3 4194304 0
19 22 3 4194304 0
19 23 3 4194304 0
19 24 3 4194304 0
19 25 3 4194304 0
19 26 3 4194304 0
19 27 3 4194304 0
19 28 3 4194304 0
19 29 3 4194304 0
19 30 3 4194304 0
19 31 3 4194304 0
19 32 3 4194304 0
19 33 3 4194304 0
19 34 3 4194304 0
19 35 3 4194304 0
19 36 3 4194304 0
19 37 3 4194304 0
19 38 3 4194304 0
19 39 3 4194304 0
19 40 3 4194304 0
19 41 3 4194304 0
19 42 3 4194304 0
19 43 3 4194304 0
19 44 3 4194304 0
19 45 3 4194304 0
19 46 3 4194304 0
19 47 3 4194304 0
19 48 3 4194304 0
19 49 3 4194304 0
19 50 3 4194304 0
19 51 3 4194304 0
19 52 3 4194304 0
19 53 3 4194304 0
19 54 3 4194304 0
19 55 3 4194304 0
19 56 3 4194304 0
19 57 3 4194304 0
19 58 3 4194304 0
19 59 3 4194304 0
19 60 3 4194304 0
19 61 3 4194304 0
19 62 3 4194304 0
19 63 3 4194304 0
19 64 3 4194304 0
19 65 3 4194304 0
19 66 3 4194304 0
19 67 3 4194304 0
19 68 3 4194304 0
19 69 3 4194304 0
19 70 3 4194304 0
19 71 3 4194304 0
20 0 3 4194304 0
20 1 3 4194304 0
20 2 3 4194304 0
20 3 3 4194304 0
20 4 3 4194304 0
20 5 3 4194304 0
20 6 3 4194304 0
20 7 3 4194304 0
20 8 3 4194304 0
20 9 3 4194304 0
20 10 3 4194304 0
20 11 3 4194304 0
20 12 3 4194304 0
20 13 3 4194304 0
20 14 3 4194304 0
20 15 3 4194304 0
20 16 3 4194304 0
20 17 3 4194304 0
20 18 3 4194304 0
20 19 3 4194304 0
20 21 3 4194304 0
20 22 3 4194304 0
20 23 3 4194304 0
20 24 3 4194304 0
20 25 3 4194304 0
20 26 3 4194304 0
20 27 3 4194304 0
20 28 3 4194304 0
20 29 3 4194304 0
20 30 3 4194304 0
20 31 3 4194304 0
20 32 3 4194304 0
20 33 3 4194304 0
20 34 3 4194304 0
20 35 3 4194304 0
20 36 3 4194304 0
20 37 3 4194304 0
20 38 3 4194304 0
20 39 3 4194304 0
20 40 3 4194304 0
20 41 3 4194304 0
20 42 3 4194304 0
20 43 3 4194304 0
20 44 3 4194304 0
20 45 3 4194304 0
20 46 3 4194304 0
20 47 3 4194304 0
20 48 3 4194304 0
20 49 3 4194304 0
20 50 3 4194304 0
20 51 3 4194304 0
20 52 3 4194304 0
20 53 3 4194304 0
20 54 3 4194304 0
20 55 3 4194304 0
20 56 3 4194304 0
20 57 3 4194304 0
20 58 3 4194304 0
20 59 3 4194304 0
20 60 3 4194304 0
20 61 3 4194304 0
20 62 3 4194304 0
20 63 3 4194304 0
20 64 3 4194304 0
20 65 3 4194304 0
20 66 3 4194304 0
20 67 3 4194304 0
20 68 3 4194304 0
20 69 3 4194304 0
20 70 3 4194304 0
20 71 3 4194304 0
21 0 3 4194304 0
21 1 3 4194304 0
21 2 3 4194304 0
21 3 3 4194304 0
21 4 3 4194304 0
21 5 3 4194304 0
21 6 3 4194304 0
21 7 3 4194304 0
21 8 3 4194304 0
21 9 3 4194304 0
21 10 3 4194304 0
21 11 3 4194304 0
21 12 3 4194304 0
21 13 3 4194304 0
21 14 3 4194304 0
21 15 3 4194304 0
21 16 3 4194304 0
21 17 3 4194304 0
21 18 3 4194304 0
21 19 3 4194304 0
21 20 3 4194304 0
21 22 3 4194304 0
21 23 3 4194304 0
21 24 3 4194304 0
21 25 3 4194304 0
21 26 3 4194304 0
21 27 3 4194304 0
21 28 3 4194304 0
21 29 3 4194304 0
21 30 3 4194304 0
21 31 3 4194304 0
21 32 3 4194304 0
21 33 3 4194304 0
21 34 3 4194304 0
21 35 3 4194304 0
21 36 3 4194304 0
21 37 3 4194304 0
21 38 3 4194304 0
21 39 3 4194304 0
21 40 3 4194304 0
21 41 3 4194304 0
21 42 3 4194304 0
21 43 3 4194304 0
21 44 3 4194304 0
21 45 3 4194304 0
21 46 3 4194304 0
21 47 3 4194304 0
21 48 3 4194304 0
21 49 3 4194304 0
21 50 3 4194304 0
21 51 3 4194304 0
21 52 3 4194304 0
21 53 3 4194304 0
21 54 3 4194304 0
21 55 3 4194304 0
21 56 3 4194304 0
21 57 3 4194304 0
21 58 3 4194304 0
21 59 3 4194304 0
21 60 3 4194304 0
21 61 3 4194304 0
21 62 3 4194304 0
21 63 3 4194304 0
21 64 3 4194304 0
21 65 3 4194304 0
21 66 3 4194304 0
21 67 3 4194304 0
21 68 3 4194304 0
21 69 3 4194304 0
21 70 3 4194304 0
21 71 3 4194304 0
22 0 3 4194304 0
22 1 3 4194304 0
22 2 3 4194304 0
22 3 3 4194304 0
22 4 3 4194304 0
22 5 3 4194304 0
22 6 3 4194304 0
22 7 3 4194304 0
22 8 3 4194304 0
22 9 3 4194304 0
22 10 3 4194304 0
22 11 3 4194304 0
22 12 3 4194304 0
22 13 3 4194304 0
22 14 3 4194304 0
22 15 3 4194304 0
22 16 3 4194304 0
22 17 3 4194304 0
22 18 3 4194304 0
22 19 3 4194304 0
22 20 3 4194304 0
22 21 3 4194304 0
22 23 3 4194304 0
22 24 3 4194304 0
22 25 3 4194304 0
22 26 3 4194304 0
22 27 3 4194304 0
22 28 3 4194304 0
22 29 3 4194304 0
22 30 3 4194304 0
22 31 3 4194304 0
22 32 3 4194304 0
22 33 3 4194304 0
22 34 3 4194304 0
22 35 3 4194304 0
22 36 3 4194304 0
22 37 3 4194304 0
22 38 3 4194304 0
22 39 3 4194304 0
22 40 3 4194304 0
22 41 3 4194304 0
22 42 3 4194304 0
22 43 3 4194304 0
22 44 3 4194304 0
22 45 3 4194304 0
22 46 3 4194304 0
22 47 3 4194304 0
22 48 3 4194304 0
22 49 3 4194304 0
22 50 3 4194304 0
22 51 3 4194304 0
22 52 3 4194304 0
22 53 3 4194304 0
22 54 3 4194304 0
22 55 3 4194304 0
22 56 3 4194304 0
22 57 3 4194304 0
22 58 3 4194304 0
22 59 3 4194304 0
22 60 3 4194304 0
22 61 3 4194304 0
22 62 3 4194304 0
22 63 3 4194304 0
22 64 3 4194304 0
22 65 3 4194304 0
22 66 3 4194304 0
22 67 3 4194304 0
22 68 3 4194304 0
22 69 3 4194304 0
22 70 3 4194304 0
22 71 3 4194304 0
23 0 3 4194304 0
23 1 3 4194304 0
23 2 3 4194304 0
23 3 3 4194304 0
23 4 3 4194304 0
23 5 3 4194304 0
23 6 3 4194304 0
23 7 3 4194304 0
23 8 3 4194304 0
23 9 3 4194304 0
23 10 3 4194304 0
23 11 3 4194304 0
23 12 3 4194304 0
23 13 3 4194304 0
23 14 3 4194304 0
23 15 3 4194304 0
23 16 3 4194304 0
23 17 3 4194304 0
23 18 3 4194304 0
23 19 3 4194304 0
23 20 3 4194304 0
23 21 3 4194304 0
23 22 3 4194304 0
23 24 3 4194304 0
23 25 3 4194304 0
23 26 3 4194304 0
23 27 3 4194304 0
23 28 3 4194304 0
23 29 3 4194304 0
23 30 3 4194304 0
23 31 3 4194304 0
23 32 3 4194304 0
23 33 3 4194304 0
23 34 3 4194304 0
23 35 3 4194304 0
23 36 3 4194304 0
23 37 3 4194304 0
23 38 3 4194304 0
23 39 3 4194304 0
23 40 3 4194304 0
23 41 3 4194304 0
23 42 3 4194304 0
23 43 3 4194304 0
23 44 3 4194304 0
23 45 3 4194304 0
23 46 3 4194304 0
23 47 3 4194304 0
23 48 3 4194304 0
23 49 3 4194304 0
23 50 3 4194304 0
23 51 3 4194304 0
23 52 3 4194304 0
23 53 3 4194304 0
23 54 3 4194304 0
23 55 3 4194304 0
23 56 3 4194304 0
23 57 3 4194304 0
23 58 3 4194304 0
23 59 3 4194304 0
23 60 3 4194304 0
23 61 3 4194304 0
23 62 3 4194304 0
23 63 3 4194304 0
23 64 3 4194304 0
23 65 3 4194304 0
23 66 3 4194304 0
23 67 3 4194304 0
23 68 3 4194304 0
23 69 3 4194304 0
23 70 3 4194304 0
23 71 3 4194304 0
24 0 3 4194304 0
24 1 3 4194304 0
24 2 3 4194304 0
24 3 3 4194304 0
24 4 3 4194304 0
24 5 3 4194304 0
24 6 3 4194304 0
24 7 3 4194304 0
24 8 3 4194304 0
24 9 3 4194304 0
24 10 3 4194304 0
24 11 3 4194304 0
24 12 3 4194304 0
24 13 3 4194304 0
24 14 3 4194304 0
24 15 3 4194304 0
24 16 3 4194304 0
24 17 3 4194304 0
24 18 3 4194304 0
24 19 3 4194304 0
24 20 3 4194304 0
24 21 3 4194304 0
24 22 3 4194304 0
24 23 3 4194304 0
24 25 3 4194304 0
24 26 3 4194304 0
24 27 3 4194304 0
24 28 3 4194304 0
24 29 3 4194304 0
24 30 3 4194304 0
24 31 3 4194304 0
24 32 3 4194304 0
24 33 3 4194304 0
24 34 3 4194304 0
24 35 3 4194304 0
24 36 3 4194304 0
24 37 3 4194304 0
24 38 3 4194304 0
24 39 3 4194304 0
24 40 3 4194304 0
24 41 3 4194304 0
24 42 3 4194304 0
24 43 3 4194304 0
24 44 3 4194304 0
24 45 3 4194304 0
24 46 3 4194304 0
24 47 3 4194304 0
24 48 3 4194304 0
24 49 3 4194304 0
24 50 3 4194304 0
24 51 3 4194304 0
24 52 3 4194304 0
24 53 3 4194304 0
24 54 3 4194304 0
24 55 3 4194304 0
24 56 3 4194304 0
24 57 3 4194304 0
24 58 3 4194304 0
24 59 3 4194304 0
24 60 3 4194304 0
24 61 3 4194304 0
24 62 3 4194304 0
24 63 3 4194304 0
24 64 3 4194304 0
24 65 3 4194304 0
24 66 3 4194304 0
24 67 3 4194304 0
24 68 3 4194304 0
24 69 3 4194304 0
24 70 3 4194304 0
24 71 3 4194304 0
25 0 3 4194304 0
25 1 3 4194304 0
25 2 3 4194304 0
25 3 3 4194304 0
25 4 3 4194304 0
25 5 3 4194304 0
25 6 3 4194304 0
25 7 3 4194304 0
25 8 3 4194304 0
25 9 3 4194304 0
25 10 3 4194304 0
25 11 3 4194304 0
25 12 3 4194304 0
25 13 3 4194304 0
25 14 3 4194304 0
25 15 3 4194304 0
25 16 3 4194304 0
25 17 3 4194304 0
25 18 3 4194304 0
25 19 3 4194304 0
25 20 3 4194304 0
25 21 3 4194304 0
25 22 3 4194304 0
25 23 3 4194304 0
25 24 3 4194304 0
25 26 3 4194304 0
25 27 3 4194304 0
25 28 3 4194304 0
25 29 3 4194304 0
25 30 3 4194304 0
25 31 3 4194304 0
25 32 3 4194304 0
25 33 3 4194304 0
25 34 3 4194304 0
25 35 3 4194304 0
25 36 3 4194304 0
25 37 3 4194304 0
25 38 3 4194304 0
25 39 3 4194304 0
25 40 3 4194304 0
25 41 3 4194304 0
25 42 3 4194304 0
25 43 3 4194304 0
25 44 3 4194304 0
25 45 3 4194304 0
25 46 3 4194304 0
25 47 3 4194304 0
25 48 3 4194304 0
25 49 3 4194304 0
25 50 3 4194304 0
25 51 3 4194304 0
25 52 3 4194304 0
25 53 3 4194304 0
25 54 3 4194304 0
25 55 3 4194304 0
25 56 3 4194304 0
25 57 3 4194304 0
25 58 3 4194304 0
25 59 3 4194304 0
25 60 3 4194304 0
25 61 3 4194304 0
25 62 3 4194304 0
25 63 3 4194304 0
25 64 3 4194304 0
25 65 3 4194304 0
25 66 3 4194304 0
25 67 3 4194304 0
25 68 3 4194304 0
25 69 3 4194304 0
25 70 3 4194304 0
25 71 3 4194304 0
26 0 3 4194304 0
26 1 3 4194304 0
26 2 3 4194304 0
26 3 3 4194304 0
26 4 3 4194304 0
26 5 3 4194304 0
26 6 3 4194304 0
26 7 3 4194304 0
26 8 3 4194304 0
26 9 3 4194304 0
26 10 3 4194304 0
26 11 3 4194304 0
26 12 3 4194304 0
26 13 3 4194304 0
26 14 3 4194304 0
26 15 3 4194304 0
26 16 3 4194304 0
26 17 3 4194304 0
26 18 3 4194304 0
26 19 3 4194304 0
26 20 3 4194304 0
26 21 3 4194304 0
26 22 3 4194304 0
26 23 3 4194304 0
26 24 3 4194304 0
26 25 3 4194304 0
26 27 3 4194304 0
26 28 3 4194304 0
26 29 3 4194304 0
26 30 3 4194304 0
26 31 3 4194304 0
26 32 3 4194304 0
26 33 3 4194304 0
26 34 3 4194304 0
26 35 3 4194304 0
26 36 3 4194304 0
26 37 3 4194304 0
26 38 3 4194304 0
26 39 3 4194304 0
26 40 3 4194304 0
26 41 3 4194304 0
26 42 3 4194304 0
26 43 3 4194304 0
26 44 3 4194304 0
26 45 3 4194304 0
26 46 3 4194304 0
26 47 3 4194304 0
26 48 3 4194304 0
26 49 3 4194304 0
26 50 3 4194304 0
26 51 3 4194304 0
26 52 3 4194304 0
26 53 3 4194304 0
26 54 3 4194304 0
26 55 3 4194304 0
26 56 3 4194304 0
26 57 3 4194304 0
26 58 3 4194304 0
26 59 3 4194304 0
26 60 3 4194304 0
26 61 3 4194304 0
26 62 3 4194304 0
26 63 3 4194304 0
26 64 3 4194304 0
26 65 3 4194304 0
26 66 3 4194304 0
26 67 3 4194304 0
26 68 3 4194304 0
26 69 3 4194304 0
26 70 3 4194304 0
26 71 3 4194304 0
27 0 3 4194304 0
27 1 3 4194304 0
27 2 3 4194304 0
27 3 3 4194304 0
27 4 3 4194304 0
27 5 3 4194304 0
27 6 3 4194304 0
27 7 3 4194304 0
27 8 3 4194304 0
27 9 3 4194304 0
27 10 3 4194304 0
27 11 3 4194304 0
27 12 3 4194304 0
27 13 3 4194304 0
27 14 3 4194304 0
27 15 3 4194304 0
27 16 3 4194304 0
27 17 3 4194304 0
27 18 3 4194304 0
27 19 3 4194304 0
27 20 3 4194304 0
27 21 3 4194304 0
27 22 3 4194304 0
27 23 3 4194304 0
27 24 3 4194304 0
27 25 3 4194304 0
27 26 3 4194304 0
27 28 3 4194304 0
27 29 3 4194304 0
27 30 3 4194304 0
27 31 3 4194304 0
27 32 3 4194304 0
27 33 3 4194304 0
27 34 3 4194304 0
27 35 3 4194304 0
27 36 3 4194304 0
27 37 3 4194304 0
27 38 3 4194304 0
27 39 3 4194304 0
27 40 3 4194304 0
27 41 3 4194304 0
27 42 3 4194304 0
27 43 3 4194304 0
27 44 3 4194304 0
27 45 3 4194304 0
27 46 3 4194304 0
27 47 3 4194304 0
27 48 3 4194304 0
27 49 3 4194304 0
27 50 3 4194304 0
27 51 3 4194304 0
27 52 3 4194304 0
27 53 3 4194304 0
27 54 3 4194304 0
27 55 3 4194304 0
27 56 3 4194304 0
27 57 3 4194304 0
27 58 3 4194304 0
27 59 3 4194304 0
27 60 3 4194304 0
27 61 3 4194304 0
27 62 3 4194304 0
27 63 3 4194304 0
27 64 3 4194304 0
27 65 3 4194304 0
27 66 3 4194304 0
27 67 3 4194304 0
27 68 3 4194304 0
27 69 3 4194304 0
27 70 3 4194304 0
27 71 3 4194304 0
28 0 3 4194304 0
28 1 3 4194304 0
28 2 3 4194304 0
28 3 3 4194304 0
28 4 3 4194304 0
28 5 3 4194304 0
28 6 3 4194304 0
28 7 3 4194304 0
28 8 3 4194304 0
28 9 3 4194304 0
28 10 3 4194304 0
28 11 3 4194304 0
28 12 3 4194304 0
28 13 3 4194304 0
28 14 3 4194304 0
28 15 3 4194304 0
28 16 3 4194304 0
28 17 3 4194304 0
28 18 3 4194304 0
28 19 3 4194304 0
28 20 3 4194304 0
28 21 3 4194304 0
28 22 3 4194304 0
28 23 3 4194304 0
28 24 3 4194304 0
28 25 3 4194304 0
28 26 3 4194304 0
28 27 3 4194304 0
28 29 3 4194304 0
28 30 3 4194304 0
28 31 3 4194304 0
28 32 3 4194304 0
28 33 3 4194304 0
28 34 3 4194304 0
28 35 3 4194304 0
28 36 3 4194304 0
28 37 3 4194304 0
28 38 3 4194304 0
28 39 3 4194304 0
28 40 3 4194304 0
28 41 3 4194304 0
28 42 3 4194304 0
28 43 3 4194304 0
28 44 3 4194304 0
28 45 3 4194304 0
28 46 3 4194304 0
28 47 3 4194304 0
28 48 3 4194304 0
28 49 3 4194304 0
28 50 3 4194304 0
28 51 3 4194304 0
28 52 3 4194304 0
28 53 3 4194304 0
28 54 3 4194304 0
28 55 3 4194304 0
28 56 3 4194304 0
28 57 3 4194304 0
28 58 3 4194304 0
28 59 3 4194304 0
28 60 3 4194304 0
28 61 3 4194304 0
28 62 3 4194304 0
28 63 3 4194304 0
28 64 3 4194304 0
28 65 3 4194304 0
28 66 3 4194304 0
28 67 3 4194304 0
28 68 3 4194304 0
28 69 3 4194304 0
28 70 3 4194304 0
28 71 3 4194304 0
29 0 3 4194304 0
29 1 3 4194304 0
29 2 3 4194304 0
29 3 3 4194304 0
29 4 3 4194304 0
29 5 3 4194304 0
29 6 3 4194304 0
29 7 3 4194304 0
29 8 3 4194304 0
29 9 3 4194304 0
29 10 3 4194304 0
29 11 3 4194304 0
29 12 3 4194304 0
29 13 3 4194304 0
29 14 3 4194304 0
29 15 3 4194304 0
29 16 3 4194304 0
29 17 3 4194304 0
29 18 3 4194304 0
29 19 3 4194304 0
29 20 3 4194304 0
29 21 3 4194304 0
29 22 3 4194304 0
29 23 3 4194304 0
29 24 3 4194304 0
29 25 3 4194304 0
29 26 3 4194304 0
29 27 3 4194304 0
29 28 3 4194304 0
29 30 3 4194304 0
29 31 3 4194304 0
29 32 3 4194304 0
29 33 3 4194304 0
29 34 3 4194304 0
29 35 3 4194304 0
29 36 3 4194304 0
29 37 3 4194304 0
29 38 3 4194304 0
29 39 3 4194304 0
29 40 3 4194304 0
29 41 3 4194304 0
29 42 3 4194304 0
29 43 3 4194304 0
29 44 3 4194304 0
29 45 3 4194304 0
29 46 3 4194304 0
29 47 3 4194304 0
29 48 3 4194304 0
29 49 3 4194304 0
29 50 3 4194304 0
29 51 3 4194304 0
29 52 3 4194304 0
29 53 3 4194304 0
29 54 3 4194304 0
29 55 3 4194304 0
29 56 3 4194304 0
29 57 3 4194304 0
29 58 3 4194304 0
29 59 3 4194304 0
29 60 3 4194304 0
29 61 3 4194304 0
29 62 3 4194304 0
29 63 3 4194304 0
29 64 3 4194304 0
29 65 3 4194304 0
29 66 3 4194304 0
29 67 3 4194304 0
29 68 3 4194304 0
29 69 3 4194304 0
29 70 3 4194304 0
29 71 3 4194304 0
30 0 3 4194304 0
30 1 3 4194304 0
30 2 3 4194304 0
30 3 3 4194304 0
30 4 3 4194304 0
30 5 3 4194304 0
30 6 3 4194304 0
30 7 3 4194304 0
30 8 3 4194304 0
30 9 3 4194304 0
30 10 3 4194304 0
30 11 3 4194304 0
30 12 3 4194304 0
30 13 3 4194304 0
30 14 3 4194304 0
30 15 3 4194304 0
30 16 3 4194304 0
30 17 3 4194304 0
30 18 3 4194304 0
30 19 3 4194304 0
30 20 3 4194304 0
30 21 3 4194304 0
30 22 3 4194304 0
30 23 3 4194304 0
30 24 3 4194304 0
30 25 3 4194304 0
30 26 3 4194304 0
30 27 3 4194304 0
30 28 3 4194304 0
30 29 3 4194304 0
30 31 3 4194304 0
30 32 3 4194304 0
30 33 3 4194304 0
30 34 3 4194304 0
30 35 3 4194304 0
30 36 3 4194304 0
30 37 3 4194304 0
30 38 3 4194304 0
30 39 3 4194304 0
30 40 3 4194304 0
30 41 3 4194304 0
30 42 3 4194304 0
30 43 3 4194304 0
30 44 3 4194304 0
30 45 3 4194304 0
30 46 3 4194304 0
30 47 3 4194304 0
30 48 3 4194304 0
30 49 3 4194304 0
30 50 3 4194304 0
30 51 3 4194304 0
30 52 3 4194304 0
30 53 3 4194304 0
30 54 3 4194304 0
30 55 3 4194304 0
30 56 3 4194304 0
30 57 3 4194304 0
30 58 3 4194304 0
30 59 3 4194304 0
30 60 3 4194304 0
30 61 3 4194304 0
30 62 3 4194304 0
30 63 3 4194304 0
30 64 3 4194304 0
30 65 3 4194304 0
30 66 3 4194304 0
30 67 3 4194304 0
30 68 3 4194304 0
30 69 3 4194304 0
30 70 3 4194304 0
30 71 3 4194304 0
31 0 3 4194304 0
31 1 3 4194304 0
31 2 3 4194304 0
31 3 3 4194304 0
31 4 3 4194304 0
31 5 3 4194304 0
31 6 3 4194304 0
31 7 3 4194304 0
31 8 3 4194304 0
31 9 3 4194304 0
31 10 3 4194304 0
31 11 3 4194304 0
31 12 3 4194304 0
31 13 3 4194304 0
31 14 3 4194304 0
31 15 3 4194304 0
31 16 3 4194304 0
31 17 3 4194304 0
31 18 3 4194304 0
31 19 3 4194304 0
31 20 3 4194304 0
31 21 3 4194304 0
31 22 3 4194304 0
31 23 3 4194304 0
31 24 3 4194304 0
31 25 3 4194304 0
31 26 3 4194304 0
31 27 3 4194304 0
31 28 3 4194304 0
31 29 3 4194304 0
31 30 3 4194304 0
31 32 3 4194304 0
31 33 3 4194304 0
31 34 3 4194304 0
31 35 3 4194304 0
31 36 3 4194304 0
31 37 3 4194304 0
31 38 3 4194304 0
31 39 3 4194304 0
31 40 3 4194304 0
31 41 3 4194304 0
31 42 3 4194304 0
31 43 3 4194304 0
31 44 3 4194304 0
31 45 3 4194304 0
31 46 3 4194304 0
31 47 3 4194304 0
31 48 3 4194304 0
31 49 3 4194304 0
31 50 3 4194304 0
31 51 3 4194304 0
31 52 3 4194304 0
31 53 3 4194304 0
31 54 3 4194304 0
31 55 3 4194304 0
31 56 3 4194304 0
31 57 3 4194304 0
31 58 3 4194304 0
31 59 3 4194304 0
31 60 3 4194304 0
31 61 3 4194304 0
31 62 3 4194304 0
31 63 3 4194304 0
31 64 3 4194304 0
31 65 3 4194304 0
31 66 3 4194304 0
31 67 3 4194304 0
31 68 3 4194304 0
31 69 3 4194304 0
31 70 3 4194304 0
31 71 3 4194304 0
32 0 3 4194304 0
32 1 3 4194304 0
32 2 3 4194304 0
32 3 3 4194304 0
32 4 3 4194304 0
32 5 3 4194304 0
32 6 3 4194304 0
32 7 3 4194304 0
32 8 3 4194304 0
32 9 3 4194304 0
32 10 3 4194304 0
32 11 3 4194304 0
32 12 3 4194304 0
32 13 3 4194304 0
32 14 3 4194304 0
32 15 3 4194304 0
32 16 3 4194304 0
32 17 3 4194304 0
32 18 3 4194304 0
32 19 3 4194304 0
32 20 3 4194304 0
32 21 3 4194304 0
32 22 3 4194304 0
32 23 3 4194304 0
32 24 3 4194304 0
32 25 3 4194304 0
32 26 3 4194304 0
32 27 3 4194304 0
32 28 3 4194304 0
32 29 3 4194304 0
32 30 3 4194304 0
32 31 3 4194304 0
32 33 3 4194304 0
32 34 3 4194304 0
32 35 3 4194304 0
32 36 3 4194304 0
32 37 3 4194304 0
32 38 3 4194304 0
32 39 3 4194304 0
32 40 3 4194304 0
32 41 3 4194304 0
32 42 3 4194304 0
32 43 3 4194304 0
32 44 3 4194304 0
32 45 3 4194304 0
32 46 3 4194304 0
32 47 3 4194304 0
32 48 3 4194304 0
32 49 3 4194304 0
32 50 3 4194304 0
32 51 3 4194304 0
32 52 3 4194304 0
32 53 3 4194304 0
32 54 3 4194304 0
32 55 3 4194304 0
32 56 3 4194304 0
32 57 3 4194304 0
32 58 3 4194304 0
32 59 3 4194304 0
32 60 3 4194304 0
32 61 3 4194304 0
32 62 3 4194304 0
32 63 3 4194304 0
32 64 3 4194304 0
32 65 3 4194304 0
32 66 3 4194304 0
32 67 3 4194304 0
32 68 3 4194304 0
32 69 3 4194304 0
32 70 3 4194304 0
32 71 3 4194304 0
33 0 3 4194304 0
33 1 3 4194304 0
33 2 3 4194304 0
33 3 3 4194304 0
33 4 3 4194304 0
33 5 3 4194304 0
33 6 3 4194304 0
33 7 3 4194304 0
33 8 3 4194304 0
33 9 3 4194304 0
33 10 3 4194304 0
33 11 3 4194304 0
33 12 3 4194304 0
33 13 3 4194304 0
33 14 3 4194304 0
33 15 3 4194304 0
33 16 3 4194304 0
33 17 3 4194304 0
33 18 3 4194304 0
33 19 3 4194304 0
33 20 3 4194304 0
33 21 3 4194304 0
33 22 3 4194304 0
33 23 3 4194304 0
33 24 3 4194304 0
33 25 3 4194304 0
33 26 3 4194304 0
33 27 3 4194304 0
33 28 3 4194304 0
33 29 3 4194304 0
33 30 3 4194304 0
33 31 3 4194304 0
33 32 3 4194304 0
33 34 3 4194304 0
33 35 3 4194304 0
33 36 3 4194304 0
33 37 3 4194304 0
33 38 3 4194304 0
33 39 3 4194304 0
33 40 3 4194304 0
33 41 3 4194304 0
33 42 3 4194304 0
33 43 3 4194304 0
33 44 3 4194304 0
33 45 3 4194304 0
33 46 3 4194304 0
33 47 3 4194304 0
33 48 3 4194304 0
33 49 3 4194304 0
33 50 3 4194304 0
33 51 3 4194304 0
33 52 3 4194304 0
33 53 3 4194304 0
33 54 3 4194304 0
33 55 3 4194304 0
33 56 3 4194304 0
33 57 3 4194304 0
33 58 3 4194304 0
33 59 3 4194304 0
33 60 3 4194304 0
33 61 3 4194304 0
33 62 3 4194304 0
33 63 3 4194304 0
33 64 3 4194304 0
33 65 3 4194304 0
33 66 3 4194304 0
33 67 3 4194304 0
33 68 3 4194304 0
33 69 3 4194304 0
33 70 3 4194304 0
33 71 3 4194304 0
34 0 3 4194304 0
34 1 3 4194304 0
34 2 3 4194304 0
34 3 3 4194304 0
34 4 3 4194304 0
34 5 3 4194304 0
34 6 3 4194304 0
34 7 3 4194304 0
34 8 3 4194304 0
34 9 3 4194304 0
34 10 3 4194304 0
34 11 3 4194304 0
34 12 3 4194304 0
34 13 3 4194304 0
34 14 3 4194304 0
34 15 3 4194304 0
34 16 3 4194304 0
34 17 3 4194304 0
34 18 3 4194304 0
34 19 3 4194304 0
34 20 3 4194304 0
34 21 3 4194304 0
34 22 3 4194304 0
34 23 3 4194304 0
34 24 3 4194304 0
34 25 3 4194304 0
34 26 3 4194304 0
34 27 3 4194304 0
34 28 3 4194304 0
34 29 3 4194304 0
34 30 3 4194304 0
34 31 3 4194304 0
34 32 3 4194304 0
34 33 3 4194304 0
34 35 3 4194304 0
34 36 3 4194304 0
34 37 3 4194304 0
34 38 3 4194304 0
34 39 3 4194304 0
34 40 3 4194304 0
34 41 3 4194304 0
34 42 3 4194304 0
34 43 3 4194304 0
34 44 3 4194304 0
34 45 3 4194304 0
34 46 3 4194304 0
34 47 3 4194304 0
34 48 3 4194304 0
34 49 3 4194304 0
34 50 3 4194304 0
34 51 3 4194304 0
34 52 3 4194304 0
34 53 3 4194304 0
34 54 3 4194304 0
34 55 3 4194304 0
34 56 3 4194304 0
34 57 3 4194304 0
34 58 3 4194304 0
34 59 3 4194304 0
34 60 3 4194304 0
34 61 3 4194304 0
34 62 3 4194304 0
34 63 3 4194304 0
34 64 3 4194304 0
34 65 3 4194304 0
34 66 3 4194304 0
34 67 3 4194304 0
34 68 3 4194304 0
34 69 3 4194304 0
34 70 3 4194304 0
34 71 3 4194304 0
35 0 3 4194304 0
35 1 3 4194304 0
35 2 3 4194304 0
35 3 3 4194304 0
35 4 3 4194304 0
35 5 3 4194304 0
35 6 3 4194304 0
35 7 3 4194304 0
35 8 3 4194304 0
35 9 3 4194304 0
35 10 3 4194304 0
35 11 3 4194304 0
35 12 3 4194304 0
35 13 3 4194304 0
35 14 3 4194304 0
35 15 3 4194304 0
35 16 3 4194304 0
35 17 3 4194304 0
35 18 3 4194304 0
35 19 3 4194304 0
35 20 3 4194304 0
35 21 3 4194304 0
35 22 3 4194304 0
35 23 3 4194304 0
35 24 3 4194304 0
35 25 3 4194304 0
35 26 3 4194304 0
35 27 3 4194304 0
35 28 3 4194304 0
35 29 3 4194304 0
35 30 3 4194304 0
35 31 3 4194304 0
35 32 3 4194304 0
35 33 3 4194304 0
35 34 3 4194304 0
35 36 3 4194304 0
35 37 3 4194304 0
35 38 3 4194304 0
35 39 3 4194304 0
35 40 3 4194304 0
35 41 3 4194304 0
35 42 3 4194304 0
35 43 3 4194304 0
35 44 3 4194304 0
35 45 3 4194304 0
35 46 3 4194304 0
35 47 3 4194304 0
35 48 3 4194304 0
35 49 3 4194304 0
35 50 3 4194304 0
35 51 3 4194304 0
35 52 3 4194304 0
35 53 3 4194304 0
35 54 3 4194304 0
35 55 3 4194304 0
35 56 3 4194304 0
35 57 3 4194304 0
35 58 3 4194304 0
35 59 3 4194304 0
35 60 3 4194304 0
35 61 3 4194304 0
35 62 3 4194304 0
35 63 3 4194304 0
35 64 3 4194304 0
35 65 3 4194304 0
35 66 3 4194304 0
35 67 3 4194304 0
35 68 3 4194304 0
35 69 3 4194304 0
35 70 3 4194304 0
35 71 3 4194304 0
36 0 3 4194304 0
36 1 3 4194304 0
36 2 3 4194304 0
36 3 3 4194304 0
36 4 3 4194304 0
36 5 3 4194304 0
36 6 3 4194304 0
36 7 3 4194304 0
36 8 3 4194304 0
36 9 3 4194304 0
36 10 3 4194304 0
36 11 3 4194304 0
36 12 3 4194304 0
36 13 3 4194304 0
36 14 3 4194304 0
36 15 3 4194304 0
36 16 3 4194304 0
36 17 3 4194304 0
36 18 3 4194304 0
36 19 3 4194304 0
36 20 3 4194304 0
36 21 3 4194304 0
36 22 3 4194304 0
36 23 3 4194304 0
36 24 3 4194304 0
36 25 3 4194304 0
36 26 3 4194304 0
36 27 3 4194304 0
36 28 3 4194304 0
36 29 3 4194304 0
36 30 3 4194304 0
36 31 3 4194304 0
36 32 3 4194304 0
36 33 3 4194304 0
36 34 3 4194304 0
36 35 3 4194304 0
36 37 3 4194304 0
36 38 3 4194304 0
36 39 3 4194304 0
36 40 3 4194304 0
36 41 3 4194304 0
36 42 3 4194304 0
36 43 3 4194304 0
36 44 3 4194304 0
36 45 3 4194304 0
36 46 3 4194304 0
36 47 3 4194304 0
36 48 3 4194304 0
36 49 3 4194304 0
36 50 3 4194304 0
36 51 3 4194304 0
36 52 3 4194304 0
36 53 3 4194304 0
36 54 3 4194304 0
36 55 3 4194304 0
36 56 3 4194304 0
36 57 3 4194304 0
36 58 3 4194304 0
36 59 3 4194304 0
36 60 3 4194304 0
36 61 3 4194304 0
36 62 3 4194304 0
36 63 3 4194304 0
36 64 3 4194304 0
36 65 3 4194304 0
36 66 3 4194304 0
36 67 3 4194304 0
36 68 3 4194304 0
36 69 3 4194304 0
36 70 3 4194304 0
36 71 3 4194304 0
37 0 3 4194304 0
37 1 3 4194304 0
37 2 3 4194304 0
37 3 3 4194304 0
37 4 3 4194304 0
37 5 3 4194304 0
37 6 3 4194304 0
37 7 3 4194304 0
37 8 3 4194304 0
37 9 3 4194304 0
37 10 3 4194304 0
37 11 3 4194304 0
37 12 3 4194304 0
37 13 3 4194304 0
37 14 3 4194304 0
37 15 3 4194304 0
37 16 3 4194304 0
37 17 3 4194304 0
37 18 3 4194304 0
37 19 3 4194304 0
37 20 3 4194304 0
37 21 3 4194304 0
37 22 3 4194304 0
37 23 3 4194304 0
37 24 3 4194304 0
37 25 3 4194304 0
37 26 3 4194304 0
37 27 3 4194304 0
37 28 3 4194304 0
37 29 3 4194304 0
37 30 3 4194304 0
37 31 3 4194304 0
37 32 3 4194304 0
37 33 3 4194304 0
37 34 3 4194304 0
37 35 3 4194304 0
37 36 3 4194304 0
37 38 3 4194304 0
37 39 3 4194304 0
37 40 3 4194304 0
37 41 3 4194304 0
37 42 3 4194304 0
37 43 3 4194304 0
37 44 3 4194304 0
37 45 3 4194304 0
37 46 3 4194304 0
37 47 3 4194304 0
37 48 3 4194304 0
37 49 3 4194304 0
37 50 3 4194304 0
37 51 3 4194304 0
37 52 3 4194304 0
37 53 3 4194304 0
37 54 3 4194304 0
37 55 3 4194304 0
37 56 3 4194304 0
37 57 3 4194304 0
37 58 3 4194304 0
37 59 3 4194304 0
37 60 3 4194304 0
37 61 3 4194304 0
37 62 3 4194304 0
37 63 3 4194304 0
37 64 3 4194304 0
37 65 3 4194304 0
37 66 3 4194304 0
37 67 3 4194304 0
37 68 3 4194304 0
37 69 3 4194304 0
37 70 3 4194304 0
37 71 3 4194304 0
38 0 3 4194304 0
38 1 3 4194304 0
38 2 3 4194304 0
38 3 3 4194304 0
38 4 3 4194304 0
38 5 3 4194304 0
38 6 3 4194304 0
38 7 3 4194304 0
38 8 3 4194304 0
38 9 3 4194304 0
38 10 3 4194304 0
38 11 3 4194304 0
38 12 3 4194304 0
38 13 3 4194304 0
38 14 3 4194304 0
38 15 3 4194304 0
38 16 3 4194304 0
38 17 3 4194304 0
38 18 3 4194304 0
38 19 3 4194304 0
38 20 3 4194304 0
38 21 3 4194304 0
38 22 3 4194304 0
38 23 3 4194304 0
38 24 3 4194304 0
38 25 3 4194304 0
38 26 3 4194304 0
38 27 3 4194304 0
38 28 3 4194304 0
38 29 3 4194304 0
38 30 3 4194304 0
38 31 3 4194304 0
38 32 3 4194304 0
38 33 3 4194304 0
38 34 3 4194304 0
38 35 3 4194304 0
38 36 3 4194304 0
38 37 3 4194304 0
38 39 3 4194304 0
38 40 3 4194304 0
38 41 3 4194304 0
38 42 3 4194304 0
38 43 3 4194304 0
38 44 3 4194304 0
38 45 3 4194304 0
38 46 3 4194304 0
38 47 3 4194304 0
38 48 3 4194304 0
38 49 3 4194304 0
38 50 3 4194304 0
38 51 3 4194304 0
38 52 3 4194304 0
38 53 3 4194304 0
38 54 3 4194304 0
38 55 3 4194304 0
38 56 3 4194304 0
38 57 3 4194304 0
38 58 3 4194304 0
38 59 3 4194304 0
38 60 3 4194304 0
38 61 3 4194304 0
38 62 3 4194304 0
38 63 3 4194304 0
38 64 3 4194304 0
38 65 3 4194304 0
38 66 3 4194304 0
38 67 3 4194304 0
38 68 3 4194304 0
38 69 3 4194304 0
38 70 3 4194304 0
38 71 3 4194304 0
39 0 3 4194304 0
39 1 3 4194304 0
39 2 3 4194304 0
39 3 3 4194304 0
39 4 3 4194304 0
39 5 3 4194304 0
39 6 3 4194304 0
39 7 3 4194304 0
39 8 3 4194304 0
39 9 3 4194304 0
39 10 3 4194304 0
39 11 3 4194304 0
39 12 3 4194304 0
39 13 3 4194304 0
39 14 3 4194304 0
39 15 3 4194304 0
39 16 3 4194304 0
39 17 3 4194304 0
39 18 3 4194304 0
39 19 3 4194304 0
39 20 3 4194304 0
39 21 3 4194304 0
39 22 3 4194304 0
39 23 3 4194304 0
39 24 3 4194304 0
39 25 3 4194304 0
39 26 3 4194304 0
39 27 3 4194304 0
39 28 3 4194304 0
39 29 3 4194304 0
39 30 3 4194304 0
39 31 3 4194304 0
39 32 3 4194304 0
39 33 3 4194304 0
39 34 3 4194304 0
39 35 3 4194304 0
39 36 3 4194304 0
39 37 3 4194304 0
39 38 3 4194304 0
39 40 3 4194304 0
39 41 3 4194304 0
39 42 3 4194304 0
39 43 3 4194304 0
39 44 3 4194304 0
39 45 3 4194304 0
39 46 3 4194304 0
39 47 3 4194304 0
39 48 3 4194304 0
39 49 3 4194304 0
39 50 3 4194304 0
39 51 3 4194304 0
39 52 3 4194304 0
39 53 3 4194304 0
39 54 3 4194304 0
39 55 3 4194304 0
39 56 3 4194304 0
39 57 3 4194304 0
39 58 3 4194304 0
39 59 3 4194304 0
39 60 3 4194304 0
39 61 3 4194304 0
39 62 3 4194304 0
39 63 3 4194304 0
39 64 3 4194304 0
39 65 3 4194304 0
39 66 3 4194304 0
39 67 3 4194304 0
39 68 3 4194304 0
39 69 3 4194304 0
39 70 3 4194304 0
39 71 3 4194304 0
40 0 3 4194304 0
40 1 3 4194304 0
40 2 3 4194304 0
40 3 3 4194304 0
40 4 3 4194304 0
40 5 3 4194304 0
40 6 3 4194304 0
40 7 3 4194304 0
40 8 3 4194304 0
40 9 3 4194304 0
40 10 3 4194304 0
40 11 3 4194304 0
40 12 3 4194304 0
40 13 3 4194304 0
40 14 3 4194304 0
40 15 3 4194304 0
40 16 3 4194304 0
40 17 3 4194304 0
40 18 3 4194304 0
40 19 3 4194304 0
40 20 3 4194304 0
40 21 3 4194304 0
40 22 3 4194304 0
40 23 3 4194304 0
40 24 3 4194304 0
40 25 3 4194304 0
40 26 3 4194304 0
40 27 3 4194304 0
40 28 3 4194304 0
40 29 3 4194304 0
40 30 3 4194304 0
40 31 3 4194304 0
40 32 3 4194304 0
40 33 3 4194304 0
40 34 3 4194304 0
40 35 3 4194304 0
40 36 3 4194304 0
40 37 3 4194304 0
40 38 3 4194304 0
40 39 3 4194304 0
40 41 3 4194304 0
40 42 3 4194304 0
40 43 3 4194304 0
40 44 3 4194304 0
40 45 3 4194304 0
40 46 3 4194304 0
40 47 3 4194304 0
40 48 3 4194304 0
40 49 3 4194304 0
40 50 3 4194304 0
40 51 3 4194304 0
40 52 3 4194304 0
40 53 3 4194304 0
40 54 3 4194304 0
40 55 3 4194304 0
40 56 3 4194304 0
40 57 3 4194304 0
40 58 3 4194304 0
40 59 3 4194304 0
40 60 3 4194304 0
40 61 3 4194304 0
40 62 3 4194304 0
40 63 3 4194304 0
40 64 3 4194304 0
40 65 3 4194304 0
40 66 3 4194304 0
40 67 3 4194304 0
40 68 3 4194304 0
40 69 3 4194304 0
40 70 3 4194304 0
40 71 3 4194304 0
41 0 3 4194304 0
41 1 3 4194304 0
41 2 3 4194304 0
41 3 3 4194304 0
41 4 3 4194304 0
41 5 3 4194304 0
41 6 3 4194304 0
41 7 3 4194304 0
41 8 3 4194304 0
41 9 3 4194304 0
41 10 3 4194304 0
41 11 3 4194304 0
41 12 3 4194304 0
41 13 3 4194304 0
41 14 3 4194304 0
41 15 3 4194304 0
41 16 3 4194304 0
41 17 3 4194304 0
41 18 3 4194304 0
41 19 3 4194304 0
41 20 3 4194304 0
41 21 3 4194304 0
41 22 3 4194304 0
41 23 3 4194304 0
41 24 3 4194304 0
41 25 3 4194304 0
41 26 3 4194304 0
41 27 3 4194304 0
41 28 3 4194304 0
41 29 3 4194304 0
41 30 3 4194304 0
41 31 3 4194304 0
41 32 3 4194304 0
41 33 3 4194304 0
41 34 3 4194304 0
41 35 3 4194304 0
41 36 3 4194304 0
41 37 3 4194304 0
41 38 3 4194304 0
41 39 3 4194304 0
41 40 3 4194304 0
41 42 3 4194304 0
41 43 3 4194304 0
41 44 3 4194304 0
41 45 3 4194304 0
41 46 3 4194304 0
41 47 3 4194304 0
41 48 3 4194304 0
41 49 3 4194304 0
41 50 3 4194304 0
41 51 3 4194304 0
41 52 3 4194304 0
41 53 3 4194304 0
41 54 3 4194304 0
41 55 3 4194304 0
41 56 3 4194304 0
41 57 3 4194304 0
41 58 3 4194304 0
41 59 3 4194304 0
41 60 3 4194304 0
41 61 3 4194304 0
41 62 3 4194304 0
41 63 3 4194304 0
41 64 3 4194304 0
41 65 3 4194304 0
41 66 3 4194304 0
41 67 3 4194304 0
41 68 3 4194304 0
41 69 3 4194304 0
41 70 3 4194304 0
41 71 3 4194304 0
42 0 3 4194304 0
42 1 3 4194304 0
42 2 3 4194304 0
42 3 3 4194304 0
42 4 3 4194304 0
42 5 3 4194304 0
42 6 3 4194304 0
42 7 3 4194304 0
42 8 3 4194304 0
42 9 3 4194304 0
42 10 3 4194304 0
42 11 3 4194304 0
42 12 3 4194304 0
42 13 3 4194304 0
42 14 3 4194304 0
42 15 3 4194304 0
42 16 3 4194304 0
42 17 3 4194304 0
42 18 3 4194304 0
42 19 3 4194304 0
42 20 3 4194304 0
42 21 3 4194304 0
42 22 3 4194304 0
42 23 3 4194304 0
42 24 3 4194304 0
42 25 3 4194304 0
42 26 3 4194304 0
42 27 3 4194304 0
42 28 3 4194304 0
42 29 3 4194304 0
42 30 3 4194304 0
42 31 3 4194304 0
42 32 3 4194304 0
42 33 3 4194304 0
42 34 3 4194304 0
42 35 3 4194304 0
42 36 3 4194304 0
42 37 3 4194304 0
42 38 3 4194304 0
42 39 3 4194304 0
42 40 3 4194304 0
42 41 3 4194304 0
42 43 3 4194304 0
42 44 3 4194304 0
42 45 3 4194304 0
42 46 3 4194304 0
42 47 3 4194304 0
42 48 3 4194304 0
42 49 3 4194304 0
42 50 3 4194304 0
42 51 3 4194304 0
42 52 3 4194304 0
42 53 3 4194304 0
42 54 3 4194304 0
42 55 3 4194304 0
42 56 3 4194304 0
42 57 3 4194304 0
42 58 3 4194304 0
42 59 3 4194304 0
42 60 3 4194304 0
42 61 3 4194304 0
42 62 3 4194304 0
42 63 3 4194304 0
42 64 3 4194304 0
42 65 3 4194304 0
42 66 3 4194304 0
42 67 3 4194304 0
42 68 3 4194304 0
42 69 3 4194304 0
42 70 3 4194304 0
42 71 3 4194304 0
43 0 3 4194304 0
43 1 3 4194304 0
43 2 3 4194304 0
43 3 3 4194304 0
43 4 3 4194304 0
43 5 3 4194304 0
43 6 3 4194304 0
43 7 3 4194304 0
43 8 3 4194304 0
43 9 3 4194304 0
43 10 3 4194304 0
43 11 3 4194304 0
43 12 3 4194304 0
43 13 3 4194304 0
43 14 3 4194304 0
43 15 3 4194304 0
43 16 3 4194304 0
43 17 3 4194304 0
43 18 3 4194304 0
43 19 3 4194304 0
43 20 3 4194304 0
43 21 3 4194304 0
43 22 3 4194304 0
43 23 3 4194304 0
43 24 3 4194304 0
43 25 3 4194304 0
43 26 3 4194304 0
43 27 3 4194304 0
43 28 3 4194304 0
43 29 3 4194304 0
43 30 3 4194304 0
43 31 3 4194304 0
43 32 3 4194304 0
43 33 3 4194304 0
43 34 3 4194304 0
43 35 3 4194304 0
43 36 3 4194304 0
43 37 3 4194304 0
43 38 3 4194304 0
43 39 3 4194304 0
43 40 3 4194304 0
43 41 3 4194304 0
43 42 3 4194304 0
43 44 3 4194304 0
43 45 3 4194304 0
43 46 3 4194304 0
43 47 3 4194304 0
43 48 3 4194304 0
43 49 3 4194304 0
43 50 3 4194304 0
43 51 3 4194304 0
43 52 3 4194304 0
43 53 3 4194304 0
43 54 3 4194304 0
43 55 3 4194304 0
43 56 3 4194304 0
43 57 3 4194304 0
43 58 3 4194304 0
43 59 3 4194304 0
43 60 3 4194304 0
43 61 3 4194304 0
43 62 3 4194304 0
43 63 3 4194304 0
43 64 3 4194304 0
43 65 3 4194304 0
43 66 3 4194304 0
43 67 3 4194304 0
43 68 3 4194304 0
43 69 3 4194304 0
43 70 3 4194304 0
43 71 3 4194304 0
44 0 3 4194304 0
44 1 3 4194304 0
44 2 3 4194304 0
44 3 3 4194304 0
44 4 3 4194304 0
44 5 3 4194304 0
44 6 3 4194304 0
44 7 3 4194304 0
44 8 3 4194304 0
44 9 3 4194304 0
44 10 3 4194304 0
44 11 3 4194304 0
44 12 3 4194304 0
44 13 3 4194304 0
44 14 3 4194304 0
44 15 3 4194304 0
44 16 3 4194304 0
44 17 3 4194304 0
44 18 3 4194304 0
44 19 3 4194304 0
44 20 3 4194304 0
44 21 3 4194304 0
44 22 3 4194304 0
44 23 3 4194304 0
44 24 3 4194304 0
44 25 3 4194304 0
44 26 3 4194304 0
44 27 3 4194304 0
44 28 3 4194304 0
44 29 3 4194304 0
44 30 3 4194304 0
44 31 3 4194304 0
44 32 3 4194304 0
44 33 3 4194304 0
44 34 3 4194304 0
44 35 3 4194304 0
44 36 3 4194304 0
44 37 3 4194304 0
44 38 3 4194304 0
44 39 3 4194304 0
44 40 3 4194304 0
44 41 3 4194304 0
44 42 3 4194304 0
44 43 3 4194304 0
44 45 3 4194304 0
44 46 3 4194304 0
44 47 3 4194304 0
44 48 3 4194304 0
44 49 3 4194304 0
44 50 3 4194304 0
44 51 3 4194304 0
44 52 3 4194304 0
44 53 3 4194304 0
44 54 3 4194304 0
44 55 3 4194304 0
44 56 3 4194304 0
44 57 3 4194304 0
44 58 3 4194304 0
44 59 3 4194304 0
44 60 3 4194304 0
44 61 3 4194304 0
44 62 3 4194304 0
44 63 3 4194304 0
44 64 3 4194304 0
44 65 3 4194304 0
44 66 3 4194304 0
44 67 3 4194304 0
44 68 3 4194304 0
44 69 3 4194304 0
44 70 3 4194304 0
44 71 3 4194304 0
45 0 3 4194304 0
45 1 3 4194304 0
45 2 3 4194304 0
45 3 3 4194304 0
45 4 3 4194304 0
45 5 3 4194304 0
45 6 3 4194304 0
45 7 3 4194304 0
45 8 3 4194304 0
45 9 3 4194304 0
45 10 3 4194304 0
45 11 3 4194304 0
45 12 3 4194304 0
45 13 3 4194304 0
45 14 3 4194304 0
45 15 3 4194304 0
45 16 3 4194304 0
45 17 3 4194304 0
45 18 3 4194304 0
45 19 3 4194304 0
45 20 3 4194304 0
45 21 3 4194304 0
45 22 3 4194304 0
45 23 3 4194304 0
45 24 3 4194304 0
45 25 3 4194304 0
45 26 3 4194304 0
45 27 3 4194304 0
45 28 3 4194304 0
45 29 3 4194304 0
45 30 3 4194304 0
45 31 3 4194304 0
45 32 3 4194304 0
45 33 3 4194304 0
45 34 3 4194304 0
45 35 3 4194304 0
45 36 3 4194304 0
45 37 3 4194304 0
45 38 3 4194304 0
45 39 3 4194304 0
45 40 3 4194304 0
45 41 3 4194304 0
45 42 3 4194304 0
45 43 3 4194304 0
45 44 3 4194304 0
45 46 3 4194304 0
45 47 3 4194304 0
45 48 3 4194304 0
45 49 3 4194304 0
45 50 3 4194304 0
45 51 3 4194304 0
45 52 3 4194304 0
45 53 3 4194304 0
45 54 3 4194304 0
45 55 3 4194304 0
45 56 3 4194304 0
45 57 3 4194304 0
45 58 3 4194304 0
45 59 3 4194304 0
45 60 3 4194304 0
45 61 3 4194304 0
45 62 3 4194304 0
45 63 3 4194304 0
45 64 3 4194304 0
45 65 3 4194304 0
45 66 3 4194304 0
45 67 3 4194304 0
45 68 3 4194304 0
45 69 3 4194304 0
45 70 3 4194304 0
45 71 3 4194304 0
46 0 3 4194304 0
46 1 3 4194304 0
46 2 3 4194304 0
46 3 3 4194304 0
46 4 3 4194304 0
46 5 3 4194304 0
46 6 3 4194304 0
46 7 3 4194304 0
46 8 3 4194304 0
46 9 3 4194304 0
46 10 3 4194304 0
46 11 3 4194304 0
46 12 3 4194304 0
46 13 3 4194304 0
46 14 3 4194304 0
46 15 3 4194304 0
46 16 3 4194304 0
46 17 3 4194304 0
46 18 3 4194304 0
46 19 3 4194304 0
46 20 3 4194304 0
46 21 3 4194304 0
46 22 3 4194304 0
46 23 3 4194304 0
46 24 3 4194304 0
46 25 3 4194304 0
46 26 3 4194304 0
46 27 3 4194304 0
46 28 3 4194304 0
46 29 3 4194304 0
46 30 3 4194304 0
46 31 3 4194304 0
46 32 3 4194304 0
46 33 3 4194304 0
46 34 3 4194304 0
46 35 3 4194304 0
46 36 3 4194304 0
46 37 3 4194304 0
46 38 3 4194304 0
46 39 3 4194304 0
46 40 3 4194304 0
46 41 3 4194304 0
46 42 3 4194304 0
46 43 3 4194304 0
46 44 3 4194304 0
46 45 3 4194304 0
46 47 3 4194304 0
46 48 3 4194304 0
46 49 3 4194304 0
46 50 3 4194304 0
46 51 3 4194304 0
46 52 3 4194304 0
46 53 3 4194304 0
46 54 3 4194304 0
46 55 3 4194304 0
46 56 3 4194304 0
46 57 3 4194304 0
46 58 3 4194304 0
46 59 3 4194304 0
46 60 3 4194304 0
46 61 3 4194304 0
46 62 3 4194304 0
46 63 3 4194304 0
46 64 3 4194304 0
46 65 3 4194304 0
46 66 3 4194304 0
46 67 3 4194304 0
46 68 3 4194304 0
46 69 3 4194304 0
46 70 3 4194304 0
46 71 3 4194304 0
47 0 3 4194304 0
47 1 3 4194304 0
47 2 3 4194304 0
47 3 3 4194304 0
47 4 3 4194304 0
47 5 3 4194304 0
47 6 3 4194304 0
47 7 3 4194304 0
47 8 3 4194304 0
47 9 3 4194304 0
47 10 3 4194304 0
47 11 3 4194304 0
47 12 3 4194304 0
47 13 3 4194304 0
47 14 3 4194304 0
47 15 3 4194304 0
47 16 3 4194304 0
47 17 3 4194304 0
47 18 3 4194304 0
47 19 3 4194304 0
47 20 3 4194304 0
47 21 3 4194304 0
47 22 3 4194304 0
47 23 3 4194304 0
47 24 3 4194304 0
47 25 3 4194304 0
47 26 3 4194304 0
47 27 3 4194304 0
47 28 3 4194304 0
47 29 3 4194304 0
47 30 3 4194304 0
47 31 3 4194304 0
47 32 3 4194304 0
47 33 3 4194304 0
47 34 3 4194304 0
47 35 3 4194304 0
47 36 3 4194304 0
47 37 3 4194304 0
47 38 3 4194304 0
47 39 3 4194304 0
47 40 3 4194304 0
47 41 3 4194304 0
47 42 3 4194304 0
47 43 3 4194304 0
47 44 3 4194304 0
47 45 3 4194304 0
47 46 3 4194304 0
47 48 3 4194304 0
47 49 3 4194304 0
47 50 3 4194304 0
47 51 3 4194304 0
47 52 3 4194304 0
47 53 3 4194304 0
47 54 3 4194304 0
47 55 3 4194304 0
47 56 3 4194304 0
47 57 3 4194304 0
47 58 3 4194304 0
47 59 3 4194304 0
47 60 3 4194304 0
47 61 3 4194304 0
47 62 3 4194304 0
47 63 3 4194304 0
47 64 3 4194304 0
47 65 3 4194304 0
47 66 3 4194304 0
47 67 3 4194304 0
47 68 3 4194304 0
47 69 3 4194304 0
47 70 3 4194304 0
47 71 3 4194304 0
48 0 3 4194304 0
48 1 3 4194304 0
48 2 3 4194304 0
48 3 3 4194304 0
48 4 3 4194304 0
48 5 3 4194304 0
48 6 3 4194304 0
48 7 3 4194304 0
48 8 3 4194304 0
48 9 3 4194304 0
48 10 3 4194304 0
48 11 3 4194304 0
48 12 3 4194304 0
48 13 3 4194304 0
48 14 3 4194304 0
48 15 3 4194304 0
48 16 3 4194304 0
48 17 3 4194304 0
48 18 3 4194304 0
48 19 3 4194304 0
48 20 3 4194304 0
48 21 3 4194304 0
48 22 3 4194304 0
48 23 3 4194304 0
48 24 3 4194304 0
48 25 3 4194304 0
48 26 3 4194304 0
48 27 3 4194304 0
48 28 3 4194304 0
48 29 3 4194304 0
48 30 3 4194304 0
48 31 3 4194304 0
48 32 3 4194304 0
48 33 3 4194304 0
48 34 3 4194304 0
48 35 3 4194304 0
48 36 3 4194304 0
48 37 3 4194304 0
48 38 3 4194304 0
48 39 3 4194304 0
48 40 3 4194304 0
48 41 3 4194304 0
48 42 3 4194304 0
48 43 3 4194304 0
48 44 3 4194304 0
48 45 3 4194304 0
48 46 3 4194304 0
48 47 3 4194304 0
48 49 3 4194304 0
48 50 3 4194304 0
48 51 3 4194304 0
48 52 3 4194304 0
48 53 3 4194304 0
48 54 3 4194304 0
48 55 3 4194304 0
48 56 3 4194304 0
48 57 3 4194304 0
48 58 3 4194304 0
48 59 3 4194304 0
48 60 3 4194304 0
48 61 3 4194304 0
48 62 3 4194304 0
48 63 3 4194304 0
48 64 3 4194304 0
48 65 3 4194304 0
48 66 3 4194304 0
48 67 3 4194304 0
48 68 3 4194304 0
48 69 3 4194304 0
48 70 3 4194304 0
48 71 3 4194304 0
49 0 3 4194304 0
49 1 3 4194304 0
49 2 3 4194304 0
49 3 3 4194304 0
49 4 3 4194304 0
49 5 3 4194304 0
49 6 3 4194304 0
49 7 3 4194304 0
49 8 3 4194304 0
49 9 3 4194304 0
49 10 3 4194304 0
49 11 3 4194304 0
49 12 3 4194304 0
49 13 3 4194304 0
49 14 3 4194304 0
49 15 3 4194304 0
49 16 3 4194304 0
49 17 3 4194304 0
49 18 3 4194304 0
49 19 3 4194304 0
49 20 3 4194304 0
49 21 3 4194304 0
49 22 3 4194304 0
49 23 3 4194304 0
49 24 3 4194304 0
49 25 3 4194304 0
49 26 3 4194304 0
49 27 3 4194304 0
49 28 3 4194304 0
49 29 3 4194304 0
49 30 3 4194304 0
49 31 3 4194304 0
49 32 3 4194304 0
49 33 3 4194304 0
49 34 3 4194304 0
49 35 3 4194304 0
49 36 3 4194304 0
49 37 3 4194304 0
49 38 3 4194304 0
49 39 3 4194304 0
49 40 3 4194304 0
49 41 3 4194304 0
49 42 3 4194304 0
49 43 3 4194304 0
49 44 3 4194304 0
49 45 3 4194304 0
49 46 3 4194304 0
49 47 3 4194304 0
49 48 3 4194304 0
49 50 3 4194304 0
49 51 3 4194304 0
49 52 3 4194304 0
49 53 3 4194304 0
49 54 3 4194304 0
49 55 3 4194304 0
49 56 3 4194304 0
49 57 3 4194304 0
49 58 3 4194304 0
49 59 3 4194304 0
49 60 3 4194304 0
49 61 3 4194304 0
49 62 3 4194304 0
49 63 3 4194304 0
49 64 3 4194304 0
49 65 3 4194304 0
49 66 3 4194304 0
49 67 3 4194304 0
49 68 3 4194304 0
49 69 3 4194304 0
49 70 3 4194304 0
49 71 3 4194304 0
50 0 3 4194304 0
50 1 3 4194304 0
50 2 3 4194304 0
50 3 3 4194304 0
50 4 3 4194304 0
50 5 3 4194304 0
50 6 3 4194304 0
50 7 3 4194304 0
50 8 3 4194304 0
50 9 3 4194304 0
50 10 3 4194304 0
50 11 3 4194304 0
50 12 3 4194304 0
50 13 3 4194304 0
50 14 3 4194304 0
50 15 3 4194304 0
50 16 3 4194304 0
50 17 3 4194304 0
50 18 3 4194304 0
50 19 3 4194304 0
50 20 3 4194304 0
50 21 3 4194304 0
50 22 3 4194304 0
50 23 3 4194304 0
50 24 3 4194304 0
50 25 3 4194304 0
50 26 3 4194304 0
50 27 3 4194304 0
50 28 3 4194304 0
50 29 3 4194304 0
50 30 3 4194304 0
50 31 3 4194304 0
50 32 3 4194304 0
50 33 3 4194304 0
50 34 3 4194304 0
50 35 3 4194304 0
50 36 3 4194304 0
50 37 3 4194304 0
50 38 3 4194304 0
50 39 3 4194304 0
50 40 3 4194304 0
50 41 3 4194304 0
50 42 3 4194304 0
50 43 3 4194304 0
50 44 3 4194304 0
50 45 3 4194304 0
50 46 3 4194304 0
50 47 3 4194304 0
50 48 3 4194304 0
50 49 3 4194304 0
50 51 3 4194304 0
50 52 3 4194304 0
50 53 3 4194304 0
50 54 3 4194304 0
50 55 3 4194304 0
50 56 3 4194304 0
50 57 3 4194304 0
50 58 3 4194304 0
50 59 3 4194304 0
50 60 3 4194304 0
50 61 3 4194304 0
50 62 3 4194304 0
50 63 3 4194304 0
50 64 3 4194304 0
50 65 3 4194304 0
50 66 3 4194304 0
50 67 3 4194304 0
50 68 3 4194304 0
50 69 3 4194304 0
50 70 3 4194304 0
50 71 3 4194304 0
51 0 3 4194304 0
51 1 3 4194304 0
51 2 3 4194304 0
51 3 3 4194304 0
51 4 3 4194304 0
51 5 3 4194304 0
51 6 3 4194304 0
51 7 3 4194304 0
51 8 3 4194304 0
51 9 3 4194304 0
51 10 3 4194304 0
51 11 3 4194304 0
51 12 3 4194304 0
51 13 3 4194304 0
51 14 3 4194304 0
51 15 3 4194304 0
51 16 3 4194304 0
51 17 3 4194304 0
51 18 3 4194304 0
51 19 3 4194304 0
51 20 3 4194304 0
51 21 3 4194304 0
51 22 3 4194304 0
51 23 3 4194304 0
51 24 3 4194304 0
51 25 3 4194304 0
51 26 3 4194304 0
51 27 3 4194304 0
51 28 3 4194304 0
51 29 3 4194304 0
51 30 3 4194304 0
51 31 3 4194304 0
51 32 3 4194304 0
51 33 3 4194304 0
51 34 3 4194304 0
51 35 3 4194304 0
51 36 3 4194304 0
51 37 3 4194304 0
51 38 3 4194304 0
51 39 3 4194304 0
51 40 3 4194304 0
51 41 3 4194304 0
51 42 3 4194304 0
51 43 3 4194304 0
51 44 3 4194304 0
51 45 3 4194304 0
51 46 3 4194304 0
51 47 3 4194304 0
51 48 3 4194304 0
51 49 3 4194304 0
51 50 3 4194304 0
51 52 3 4194304 0
51 53 3 4194304 0
51 54 3 4194304 0
51 55 3 4194304 0
51 56 3 4194304 0
51 57 3 4194304 0
51 58 3 4194304 0
51 59 3 4194304 0
51 60 3 4194304 0
51 61 3 4194304 0
51 62 3 4194304 0
51 63 3 4194304 0
51 64 3 4194304 0
51 65 3 4194304 0
51 66 3 4194304 0
51 67 3 4194304 0
51 68 3 4194304 0
51 69 3 4194304 0
51 70 3 4194304 0
51 71 3 4194304 0
52 0 3 4194304 0
52 1 3 4194304 0
52 2 3 4194304 0
52 3 3 4194304 0
52 4 3 4194304 0
52 5 3 4194304 0
52 6 3 4194304 0
52 7 3 4194304 0
52 8 3 4194304 0
52 9 3 4194304 0
52 10 3 4194304 0
52 11 3 4194304 0
52 12 3 4194304 0
52 13 3 4194304 0
52 14 3 4194304 0
52 15 3 4194304 0
52 16 3 4194304 0
52 17 3 4194304 0
52 18 3 4194304 0
52 19 3 4194304 0
52 20 3 4194304 0
52 21 3 4194304 0
52 22 3 4194304 0
52 23 3 4194304 0
52 24 3 4194304 0
52 25 3 4194304 0
52 26 3 4194304 0
52 27 3 4194304 0
52 28 3 4194304 0
52 29 3 4194304 0
52 30 3 4194304 0
52 31 3 4194304 0
52 32 3 4194304 0
52 33 3 4194304 0
52 34 3 4194304 0
52 35 3 4194304 0
52 36 3 4194304 0
52 37 3 4194304 0
52 38 3 4194304 0
52 39 3 4194304 0
52 40 3 4194304 0
52 41 3 4194304 0
52 42 3 4194304 0
52 43 3 4194304 0
52 44 3 4194304 0
52 45 3 4194304 0
52 46 3 4194304 0
52 47 3 4194304 0
52 48 3 4194304 0
52 49 3 4194304 0
52 50 3 4194304 0
52 51 3 4194304 0
52 53 3 4194304 0
52 54 3 4194304 0
52 55 3 4194304 0
52 56 3 4194304 0
52 57 3 4194304 0
52 58 3 4194304 0
52 59 3 4194304 0
52 60 3 4194304 0
52 61 3 4194304 0
52 62 3 4194304 0
52 63 3 4194304 0
52 64 3 4194304 0
52 65 3 4194304 0
52 66 3 4194304 0
52 67 3 4194304 0
52 68 3 4194304 0
52 69 3 4194304 0
52 70 3 4194304 0
52 71 3 4194304 0
53 0 3 4194304 0
53 1 3 4194304 0
53 2 3 4194304 0
53 3 3 4194304 0
53 4 3 4194304 0
53 5 3 4194304 0
53 6 3 4194304 0
53 7 3 4194304 0
53 8 3 4194304 0
53 9 3 4194304 0
53 10 3 4194304 0
53 11 3 4194304 0
53 12 3 4194304 0
53 13 3 4194304 0
53 14 3 4194304 0
53 15 3 4194304 0
53 16 3 4194304 0
53 17 3 4194304 0
53 18 3 4194304 0
53 19 3 4194304 0
53 20 3 4194304 0
53 21 3 4194304 0
53 22 3 4194304 0
53 23 3 4194304 0
53 24 3 4194304 0
53 25 3 4194304 0
53 26 3 4194304 0
53 27 3 4194304 0
53 28 3 4194304 0
53 29 3 4194304 0
53 30 3 4194304 0
53 31 3 4194304 0
53 32 3 4194304 0
53 33 3 4194304 0
53 34 3 4194304 0
53 35 3 4194304 0
53 36 3 4194304 0
53 37 3 4194304 0
53 38 3 4194304 0
53 39 3 4194304 0
53 40 3 4194304 0
53 41 3 4194304 0
53 42 3 4194304 0
53 43 3 4194304 0
53 44 3 4194304 0
53 45 3 4194304 0
53 46 3 4194304 0
53 47 3 4194304 0
53 48 3 4194304 0
53 49 3 4194304 0
53 50 3 4194304 0
53 51 3 4194304 0
53 52 3 4194304 0
53 54 3 4194304 0
53 55 3 4194304 0
53 56 3 4194304 0
53 57 3 4194304 0
53 58 3 4194304 0
53 59 3 4194304 0
53 60 3 4194304 0
53 61 3 4194304 0
53 62 3 4194304 0
53 63 3 4194304 0
53 64 3 4194304 0
53 65 3 4194304 0
53 66 3 4194304 0
53 67 3 4194304 0
53 68 3 4194304 0
53 69 3 4194304 0
53 70 3 4194304 0
53 71 3 4194304 0
54 0 3 4194304 0
54 1 3 4194304 0
54 2 3 4194304 0
54 3 3 4194304 0
54 4 3 4194304 0
54 5 3 4194304 0
54 6 3 4194304 0
54 7 3 4194304 0
54 8 3 4194304 0
54 9 3 4194304 0
54 10 3 4194304 0
54 11 3 4194304 0
54 12 3 4194304 0
54 13 3 4194304 0
54 14 3 4194304 0
54 15 3 4194304 0
54 16 3 4194304 0
54 17 3 4194304 0
54 18 3 4194304 0
54 19 3 4194304 0
54 20 3 4194304 0
54 21 3 4194304 0
54 22 3 4194304 0
54 23 3 4194304 0
54 24 3 4194304 0
54 25 3 4194304 0
54 26 3 4194304 0
54 27 3 4194304 0
54 28 3 4194304 0
54 29 3 4194304 0
54 30 3 4194304 0
54 31 3 4194304 0
54 32 3 4194304 0
54 33 3 4194304 0
54 34 3 4194304 0
54 35 3 4194304 0
54 36 3 4194304 0
54 37 3 4194304 0
54 38 3 4194304 0
54 39 3 4194304 0
54 40 3 4194304 0
54 41 3 4194304 0
54 42 3 4194304 0
54 43 3 4194304 0
54 44 3 4194304 0
54 45 3 4194304 0
54 46 3 4194304 0
54 47 3 4194304 0
54 48 3 4194304 0
54 49 3 4194304 0
54 50 3 4194304 0
54 51 3 4194304 0
54 52 3 4194304 0
54 53 3 4194304 0
54 55 3 4194304 0
54 56 3 4194304 0
54 57 3 4194304 0
54 58 3 4194304 0
54 59 3 4194304 0
54 60 3 4194304 0
54 61 3 4194304 0
54 62 3 4194304 0
54 63 3 4194304 0
54 64 3 4194304 0
54 65 3 4194304 0
54 66 3 4194304 0
54 67 3 4194304 0
54 68 3 4194304 0
54 69 3 4194304 0
54 70 3 4194304 0
54 71 3 4194304 0
55 0 3 4194304 0
55 1 3 4194304 0
55 2 3 4194304 0
55 3 3 4194304 0
55 4 3 4194304 0
55 5 3 4194304 0
55 6 3 4194304 0
55 7 3 4194304 0
55 8 3 4194304 0
55 9 3 4194304 0
55 10 3 4194304 0
55 11 3 4194304 0
55 12 3 4194304 0
55 13 3 4194304 0
55 14 3 4194304 0
55 15 3 4194304 0
55 16 3 4194304 0
55 17 3 4194304 0
55 18 3 4194304 0
55 19 3 4194304 0
55 20 3 4194304 0
55 21 3 4194304 0
55 22 3 4194304 0
55 23 3 4194304 0
55 24 3 4194304 0
55 25 3 4194304 0
55 26 3 4194304 0
55 27 3 4194304 0
55 28 3 4194304 0
55 29 3 4194304 0
55 30 3 4194304 0
55 31 3 4194304 0
55 32 3 4194304 0
55 33 3 4194304 0
55 34 3 4194304 0
55 35 3 4194304 0
55 36 3 4194304 0
55 37 3 4194304 0
55 38 3 4194304 0
55 39 3 4194304 0
55 40 3 4194304 0
55 41 3 4194304 0
55 42 3 4194304 0
55 43 3 4194304 0
55 44 3 4194304 0
55 45 3 4194304 0
55 46 3 4194304 0
55 47 3 4194304 0
55 48 3 4194304 0
55 49 3 4194304 0
55 50 3 4194304 0
55 51 3 4194304 0
55 52 3 4194304 0
55 53 3 4194304 0
55 54 3 4194304 0
55 56 3 4194304 0
55 57 3 4194304 0
55 58 3 4194304 0
55 59 3 4194304 0
55 60 3 4194304 0
55 61 3 4194304 0
55 62 3 4194304 0
55 63 3 4194304 0
55 64 3 4194304 0
55 65 3 4194304 0
55 66 3 4194304 0
55 67 3 4194304 0
55 68 3 4194304 0
55 69 3 4194304 0
55 70 3 4194304 0
55 71 3 4194304 0
56 0 3 4194304 0
56 1 3 4194304 0
56 2 3 4194304 0
56 3 3 4194304 0
56 4 3 4194304 0
56 5 3 4194304 0
56 6 3 4194304 0
56 7 3 4194304 0
56 8 3 4194304 0
56 9 3 4194304 0
56 10 3 4194304 0
56 11 3 4194304 0
56 12 3 4194304 0
56 13 3 4194304 0
56 14 3 4194304 0
56 15 3 4194304 0
56 16 3 4194304 0
56 17 3 4194304 0
56 18 3 4194304 0
56 19 3 4194304 0
56 20 3 4194304 0
56 21 3 4194304 0
56 22 3 4194304 0
56 23 3 4194304 0
56 24 3 4194304 0
56 25 3 4194304 0
56 26 3 4194304 0
56 27 3 4194304 0
56 28 3 4194304 0
56 29 3 4194304 0
56 30 3 4194304 0
56 31 3 4194304 0
56 32 3 4194304 0
56 33 3 4194304 0
56 34 3 4194304 0
56 35 3 4194304 0
56 36 3 4194304 0
56 37 3 4194304 0
56 38 3 4194304 0
56 39 3 4194304 0
56 40 3 4194304 0
56 41 3 4194304 0
56 42 3 4194304 0
56 43 3 4194304 0
56 44 3 4194304 0
56 45 3 4194304 0
56 46 3 4194304 0
56 47 3 4194304 0
56 48 3 4194304 0
56 49 3 4194304 0
56 50 3 4194304 0
56 51 3 4194304 0
56 52 3 4194304 0
56 53 3 4194304 0
56 54 3 4194304 0
56 55 3 4194304 0
56 57 3 4194304 0
56 58 3 4194304 0
56 59 3 4194304 0
56 60 3 4194304 0
56 61 3 4194304 0
56 62 3 4194304 0
56 63 3 4194304 0
56 64 3 4194304 0
56 65 3 4194304 0
56 66 3 4194304 0
56 67 3 4194304 0
56 68 3 4194304 0
56 69 3 4194304 0
56 70 3 4194304 0
56 71 3 4194304 0
57 0 3 4194304 0
57 1 3 4194304 0
57 2 3 4194304 0
57 3 3 4194304 0
57 4 3 4194304 0
57 5 3 4194304 0
57 6 3 4194304 0
57 7 3 4194304 0
57 8 3 4194304 0
57 9 3 4194304 0
57 10 3 4194304 0
57 11 3 4194304 0
57 12 3 4194304 0
57 13 3 4194304 0
57 14 3 4194304 0
57 15 3 4194304 0
57 16 3 4194304 0
57 17 3 4194304 0
57 18 3 4194304 0
57 19 3 4194304 0
57 20 3 4194304 0
57 21 3 4194304 0
57 22 3 4194304 0
57 23 3 4194304 0
57 24 3 4194304 0
57 25 3 4194304 0
57 26 3 4194304 0
57 27 3 4194304 0
57 28 3 4194304 0
57 29 3 4194304 0
57 30 3 4194304 0
57 31 3 4194304 0
57 32 3 4194304 0
57 33 3 4194304 0
57 34 3 4194304 0
57 35 3 4194304 0
57 36 3 4194304 0
57 37 3 4194304 0
57 38 3 4194304 0
57 39 3 4194304 0
57 40 3 4194304 0
57 41 3 4194304 0
57 42 3 4194304 0
57 43 3 4194304 0
57 44 3 4194304 0
57 45 3 4194304 0
57 46 3 4194304 0
57 47 3 4194304 0
57 48 3 4194304 0
57 49 3 4194304 0
57 50 3 4194304 0
57 51 3 4194304 0
57 52 3 4194304 0
57 53 3 4194304 0
57 54 3 4194304 0
57 55 3 4194304 0
57 56 3 4194304 0
57 58 3 4194304 0
57 59 3 4194304 0
57 60 3 4194304 0
57 61 3 4194304 0
57 62 3 4194304 0
57 63 3 4194304 0
57 64 3 4194304 0
57 65 3 4194304 0
57 66 3 4194304 0
57 67 3 4194304 0
57 68 3 4194304 0
57 69 3 4194304 0
57 70 3 4194304 0
57 71 3 4194304 0
58 0 3 4194304 0
58 1 3 4194304 0
58 2 3 4194304 0
58 3 3 4194304 0
58 4 3 4194304 0
58 5 3 4194304 0
58 6 3 4194304 0
58 7 3 4194304 0
58 8 3 4194304 0
58 9 3 4194304 0
58 10 3 4194304 0
58 11 3 4194304 0
58 12 3 4194304 0
58 13 3 4194304 0
58 14 3 4194304 0
58 15 3 4194304 0
58 16 3 4194304 0
58 17 3 4194304 0
58 18 3 4194304 0
58 19 3 4194304 0
58 20 3 4194304 0
58 21 3 4194304 0
58 22 3 4194304 0
58 23 3 4194304 0
58 24 3 4194304 0
58 25 3 4194304 0
58 26 3 4194304 0
58 27 3 4194304 0
58 28 3 4194304 0
58 29 3 4194304 0
58 30 3 4194304 0
58 31 3 4194304 0
58 32 3 4194304 0
58 33 3 4194304 0
58 34 3 4194304 0
58 35 3 4194304 0
58 36 3 4194304 0
58 37 3 4194304 0
58 38 3 4194304 0
58 39 3 4194304 0
58 40 3 4194304 0
58 41 3 4194304 0
58 42 3 4194304 0
58 43 3 4194304 0
58 44 3 4194304 0
58 45 3 4194304 0
58 46 3 4194304 0
58 47 3 4194304 0
58 48 3 4194304 0
58 49 3 4194304 0
58 50 3 4194304 0
58 51 3 4194304 0
58 52 3 4194304 0
58 53 3 4194304 0
58 54 3 4194304 0
58 55 3 4194304 0
58 56 3 4194304 0
58 57 3 4194304 0
58 59 3 4194304 0
58 60 3 4194304 0
58 61 3 4194304 0
58 62 3 4194304 0
58 63 3 4194304 0
58 64 3 4194304 0
58 65 3 4194304 0
58 66 3 4194304 0
58 67 3 4194304 0
58 68 3 4194304 0
58 69 3 4194304 0
58 70 3 4194304 0
58 71 3 4194304 0
59 0 3 4194304 0
59 1 3 4194304 0
59 2 3 4194304 0
59 3 3 4194304 0
59 4 3 4194304 0
59 5 3 4194304 0
59 6 3 4194304 0
59 7 3 4194304 0
59 8 3 4194304 0
59 9 3 4194304 0
59 10 3 4194304 0
59 11 3 4194304 0
59 12 3 4194304 0
59 13 3 4194304 0
59 14 3 4194304 0
59 15 3 4194304 0
59 16 3 4194304 0
59 17 3 4194304 0
59 18 3 4194304 0
59 19 3 4194304 0
59 20 3 4194304 0
59 21 3 4194304 0
59 22 3 4194304 0
59 23 3 4194304 0
59 24 3 4194304 0
59 25 3 4194304 0
59 26 3 4194304 0
59 27 3 4194304 0
59 28 3 4194304 0
59 29 3 4194304 0
59 30 3 4194304 0
59 31 3 4194304 0
59 32 3 4194304 0
59 33 3 4194304 0
59 34 3 4194304 0
59 35 3 4194304 0
59 36 3 4194304 0
59 37 3 4194304 0
59 38 3 4194304 0
59 39 3 4194304 0
59 40 3 4194304 0
59 41 3 4194304 0
59 42 3 4194304 0
59 43 3 4194304 0
59 44 3 4194304 0
59 45 3 4194304 0
59 46 3 4194304 0
59 47 3 4194304 0
59 48 3 4194304 0
59 49 3 4194304 0
59 50 3 4194304 0
59 51 3 4194304 0
59 52 3 4194304 0
59 53 3 4194304 0
59 54 3 4194304 0
59 55 3 4194304 0
59 56 3 4194304 0
59 57 3 4194304 0
59 58 3 4194304 0
59 60 3 4194304 0
59 61 3 4194304 0
59 62 3 4194304 0
59 63 3 4194304 0
59 64 3 4194304 0
59 65 3 4194304 0
59 66 3 4194304 0
59 67 3 4194304 0
59 68 3 4194304 0
59 69 3 4194304 0
59 70 3 4194304 0
59 71 3 4194304 0
60 0 3 4194304 0
60 1 3 4194304 0
60 2 3 4194304 0
60 3 3 4194304 0
60 4 3 4194304 0
60 5 3 4194304 0
60 6 3 4194304 0
60 7 3 4194304 0
60 8 3 4194304 0
60 9 3 4194304 0
60 10 3 4194304 0
60 11 3 4194304 0
60 12 3 4194304 0
60 13 3 4194304 0
60 14 3 4194304 0
60 15 3 4194304 0
60 16 3 4194304 0
60 17 3 4194304 0
60 18 3 4194304 0
60 19 3 4194304 0
60 20 3 4194304 0
60 21 3 4194304 0
60 22 3 4194304 0
60 23 3 4194304 0
60 24 3 4194304 0
60 25 3 4194304 0
60 26 3 4194304 0
60 27 3 4194304 0
60 28 3 4194304 0
60 29 3 4194304 0
60 30 3 4194304 0
60 31 3 4194304 0
60 32 3 4194304 0
60 33 3 4194304 0
60 34 3 4194304 0
60 35 3 4194304 0
60 36 3 4194304 0
60 37 3 4194304 0
60 38 3 4194304 0
60 39 3 4194304 0
60 40 3 4194304 0
60 41 3 4194304 0
60 42 3 4194304 0
60 43 3 4194304 0
60 44 3 4194304 0
60 45 3 4194304 0
60 46 3 4194304 0
60 47 3 4194304 0
60 48 3 4194304 0
60 49 3 4194304 0
60 50 3 4194304 0
60 51 3 4194304 0
60 52 3 4194304 0
60 53 3 4194304 0
60 54 3 4194304 0
60 55 3 4194304 0
60 56 3 4194304 0
60 57 3 4194304 0
60 58 3 4194304 0
60 59 3 4194304 0
60 61 3 4194304 0
60 62 3 4194304 0
60 63 3 4194304 0
60 64 3 4194304 0
60 65 3 4194304 0
60 66 3 4194304 0
60 67 3 4194304 0
60 68 3 4194304 0
60 69 3 4194304 0
60 70 3 4194304 0
60 71 3 4194304 0
61 0 3 4194304 0
61 1 3 4194304 0
61 2 3 4194304 0
61 3 3 4194304 0
61 4 3 4194304 0
61 5 3 4194304 0
61 6 3 4194304 0
61 7 3 4194304 0
61 8 3 4194304 0
61 9 3 4194304 0
61 10 3 4194304 0
61 11 3 4194304 0
61 12 3 4194304 0
61 13 3 4194304 0
61 14 3 4194304 0
61 15 3 4194304 0
61 16 3 4194304 0
61 17 3 4194304 0
61 18 3 4194304 0
61 19 3 4194304 0
61 20 3 4194304 0
61 21 3 4194304 0
61 22 3 4194304 0
61 23 3 4194304 0
61 24 3 4194304 0
61 25 3 4194304 0
61 26 3 4194304 0
61 27 3 4194304 0
61 28 3 4194304 0
61 29 3 4194304 0
61 30 3 4194304 0
61 31 3 4194304 0
61 32 3 4194304 0
61 33 3 4194304 0
61 34 3 4194304 0
61 35 3 4194304 0
61 36 3 4194304 0
61 37 3 4194304 0
61 38 3 4194304 0
61 39 3 4194304 0
61 40 3 4194304 0
61 41 3 4194304 0
61 42 3 4194304 0
61 43 3 4194304 0
61 44 3 4194304 0
61 45 3 4194304 0
61 46 3 4194304 0
61 47 3 4194304 0
61 48 3 4194304 0
61 49 3 4194304 0
61 50 3 4194304 0
61 51 3 4194304 0
61 52 3 4194304 0
61 53 3 4194304 0
61 54 3 4194304 0
61 55 3 4194304 0
61 56 3 4194304 0
61 57 3 4194304 0
61 58 3 4194304 0
61 59 3 4194304 0
61 60 3 4194304 0
61 62 3 4194304 0
61 63 3 4194304 0
61 64 3 4194304 0
61 65 3 4194304 0
61 66 3 4194304 0
61 67 3 4194304 0
61 68 3 4194304 0
61 69 3 4194304 0
61 70 3 4194304 0
61 71 3 4194304 0
62 0 3 4194304 0
62 1 3 4194304 0
62 2 3 4194304 0
62 3 3 4194304 0
62 4 3 4194304 0
62 5 3 4194304 0
62 6 3 4194304 0
62 7 3 4194304 0
62 8 3 4194304 0
62 9 3 4194304 0
62 10 3 4194304 0
62 11 3 4194304 0
62 12 3 4194304 0
62 13 3 4194304 0
62 14 3 4194304 0
62 15 3 4194304 0
62 16 3 4194304 0
62 17 3 4194304 0
62 18 3 4194304 0
62 19 3 4194304 0
62 20 3 4194304 0
62 21 3 4194304 0
62 22 3 4194304 0
62 23 3 4194304 0
62 24 3 4194304 0
62 25 3 4194304 0
62 26 3 4194304 0
62 27 3 4194304 0
62 28 3 4194304 0
62 29 3 4194304 0
62 30 3 4194304 0
62 31 3 4194304 0
62 32 3 4194304 0
62 33 3 4194304 0
62 34 3 4194304 0
62 35 3 4194304 0
62 36 3 4194304 0
62 37 3 4194304 0
62 38 3 4194304 0
62 39 3 4194304 0
62 40 3 4194304 0
62 41 3 4194304 0
62 42 3 4194304 0
62 43 3 4194304 0
62 44 3 4194304 0
62 45 3 4194304 0
62 46 3 4194304 0
62 47 3 4194304 0
62 48 3 4194304 0
62 49 3 4194304 0
62 50 3 4194304 0
62 51 3 4194304 0
62 52 3 4194304 0
62 53 3 4194304 0
62 54 3 4194304 0
62 55 3 4194304 0
62 56 3 4194304 0
62 57 3 4194304 0
62 58 3 4194304 0
62 59 3 4194304 0
62 60 3 4194304 0
62 61 3 4194304 0
62 63 3 4194304 0
62 64 3 4194304 0
62 65 3 4194304 0
62 66 3 4194304 0
62 67 3 4194304 0
62 68 3 4194304 0
62 69 3 4194304 0
62 70 3 4194304 0
62 71 3 4194304 0
63 0 3 4194304 0
63 1 3 4194304 0
63 2 3 4194304 0
63 3 3 4194304 0
63 4 3 4194304 0
63 5 3 4194304 0
63 6 3 4194304 0
63 7 3 4194304 0
63 8 3 4194304 0
63 9 3 4194304 0
63 10 3 4194304 0
63 11 3 4194304 0
63 12 3 4194304 0
63 13 3 4194304 0
63 14 3 4194304 0
63 15 3 4194304 0
63 16 3 4194304 0
63 17 3 4194304 0
63 18 3 4194304 0
63 19 3 4194304 0
63 20 3 4194304 0
63 21 3 4194304 0
63 22 3 4194304 0
63 23 3 4194304 0
63 24 3 4194304 0
63 25 3 4194304 0
63 26 3 4194304 0
63 27 3 4194304 0
63 28 3 4194304 0
63 29 3 4194304 0
63 30 3 4194304 0
63 31 3 4194304 0
63 32 3 4194304 0
63 33 3 4194304 0
63 34 3 4194304 0
63 35 3 4194304 0
63 36 3 4194304 0
63 37 3 4194304 0
63 38 3 4194304 0
63 39 3 4194304 0
63 40 3 4194304 0
63 41 3 4194304 0
63 42 3 4194304 0
63 43 3 4194304 0
63 44 3 4194304 0
63 45 3 4194304 0
63 46 3 4194304 0
63 47 3 4194304 0
63 48 3 4194304 0
63 49 3 4194304 0
63 50 3 4194304 0
63 51 3 4194304 0
63 52 3 4194304 0
63 53 3 4194304 0
63 54 3 4194304 0
63 55 3 4194304 0
63 56 3 4194304 0
63 57 3 4194304 0
63 58 3 4194304 0
63 59 3 4194304 0
63 60 3 4194304 0
63 61 3 4194304 0
63 62 3 4194304 0
63 64 3 4194304 0
63 65 3 4194304 0
63 66 3 4194304 0
63 67 3 4194304 0
63 68 3 4194304 0
63 69 3 4194304 0
63 70 3 4194304 0
63 71 3 4194304 0
64 0 3 4194304 0
64 1 3 4194304 0
64 2 3 4194304 0
64 3 3 4194304 0
64 4 3 4194304 0
64 5 3 4194304 0
64 6 3 4194304 0
64 7 3 4194304 0
64 8 3 4194304 0
64 9 3 4194304 0
64 10 3 4194304 0
64 11 3 4194304 0
64 12 3 4194304 0
64 13 3 4194304 0
64 14 3 4194304 0
64 15 3 4194304 0
64 16 3 4194304 0
64 17 3 4194304 0
64 18 3 4194304 0
64 19 3 4194304 0
64 20 3 4194304 0
64 21 3 4194304 0
64 22 3 4194304 0
64 23 3 4194304 0
64 24 3 4194304 0
64 25 3 4194304 0
64 26 3 4194304 0
64 27 3 4194304 0
64 28 3 4194304 0
64 29 3 4194304 0
64 30 3 4194304 0
64 31 3 4194304 0
64 32 3 4194304 0
64 33 3 4194304 0
64 34 3 4194304 0
64 35 3 4194304 0
64 36 3 4194304 0
64 37 3 4194304 0
64 38 3 4194304 0
64 39 3 4194304 0
64 40 3 4194304 0
64 41 3 4194304 0
64 42 3 4194304 0
64 43 3 4194304 0
64 44 3 4194304 0
64 45 3 4194304 0
64 46 3 4194304 0
64 47 3 4194304 0
64 48 3 4194304 0
64 49 3 4194304 0
64 50 3 4194304 0
64 51 3 4194304 0
64 52 3 4194304 0
64 53 3 4194304 0
64 54 3 4194304 0
64 55 3 4194304 0
64 56 3 4194304 0
64 57 3 4194304 0
64 58 3 4194304 0
64 59 3 4194304 0
64 60 3 4194304 0
64 61 3 4194304 0
64 62 3 4194304 0
64 63 3 4194304 0
64 65 3 4194304 0
64 66 3 4194304 0
64 67 3 4194304 0
64 68 3 4194304 0
64 69 3 4194304 0
64 70 3 4194304 0
64 71 3 4194304 0
65 0 3 4194304 0
65 1 3 4194304 0
65 2 3 4194304 0
65 3 3 4194304 0
65 4 3 4194304 0
65 5 3 4194304 0
65 6 3 4194304 0
65 7 3 4194304 0
65 8 3 4194304 0
65 9 3 4194304 0
65 10 3 4194304 0
65 11 3 4194304 0
65 12 3 4194304 0
65 13 3 4194304 0
65 14 3 4194304 0
65 15 3 4194304 0
65 16 3 4194304 0
65 17 3 4194304 0
65 18 3 4194304 0
65 19 3 4194304 0
65 20 3 4194304 0
65 21 3 4194304 0
65 22 3 4194304 0
65 23 3 4194304 0
65 24 3 4194304 0
65 25 3 4194304 0
65 26 3 4194304 0
65 27 3 4194304 0
65 28 3 4194304 0
65 29 3 4194304 0
65 30 3 4194304 0
65 31 3 4194304 0
65 32 3 4194304 0
65 33 3 4194304 0
65 34 3 4194304 0
65 35 3 4194304 0
65 36 3 4194304 0
65 37 3 4194304 0
65 38 3 4194304 0
65 39 3 4194304 0
65 40 3 4194304 0
65 41 3 4194304 0
65 42 3 4194304 0
65 43 3 4194304 0
65 44 3 4194304 0
65 45 3 4194304 0
65 46 3 4194304 0
65 47 3 4194304 0
65 48 3 4194304 0
65 49 3 4194304 0
65 50 3 4194304 0
65 51 3 4194304 0
65 52 3 4194304 0
65 53 3 4194304 0
65 54 3 4194304 0
65 55 3 4194304 0
65 56 3 4194304 0
65 57 3 4194304 0
65 58 3 4194304 0
65 59 3 4194304 0
65 60 3 4194304 0
65 61 3 4194304 0
65 62 3 4194304 0
65 63 3 4194304 0
65 64 3 4194304 0
65 66 3 4194304 0
65 67 3 4194304 0
65 68 3 4194304 0
65 69 3 4194304 0
65 70 3 4194304 0
65 71 3 4194304 0
66 0 3 4194304 0
66 1 3 4194304 0
66 2 3 4194304 0
66 3 3 4194304 0
66 4 3 4194304 0
66 5 3 4194304 0
66 6 3 4194304 0
66 7 3 4194304 0
66 8 3 4194304 0
66 9 3 4194304 0
66 10 3 4194304 0
66 11 3 4194304 0
66 12 3 4194304 0
66 13 3 4194304 0
66 14 3 4194304 0
66 15 3 4194304 0
66 16 3 4194304 0
66 17 3 4194304 0
66 18 3 4194304 0
66 19 3 4194304 0
66 20 3 4194304 0
66 21 3 4194304 0
66 22 3 4194304 0
66 23 3 4194304 0
66 24 3 4194304 0
66 25 3 4194304 0
66 26 3 4194304 0
66 27 3 4194304 0
66 28 3 4194304 0
66 29 3 4194304 0
66 30 3 4194304 0
66 31 3 4194304 0
66 32 3 4194304 0
66 33 3 4194304 0
66 34 3 4194304 0
66 35 3 4194304 0
66 36 3 4194304 0
66 37 3 4194304 0
66 38 3 4194304 0
66 39 3 4194304 0
66 40 3 4194304 0
66 41 3 4194304 0
66 42 3 4194304 0
66 43 3 4194304 0
66 44 3 4194304 0
66 45 3 4194304 0
66 46 3 4194304 0
66 47 3 4194304 0
66 48 3 4194304 0
66 49 3 4194304 0
66 50 3 4194304 0
66 51 3 4194304 0
66 52 3 4194304 0
66 53 3 4194304 0
66 54 3 4194304 0
66 55 3 4194304 0
66 56 3 4194304 0
66 57 3 4194304 0
66 58 3 4194304 0
66 59 3 4194304 0
66 60 3 4194304 0
66 61 3 4194304 0
66 62 3 4194304 0
66 63 3 4194304 0
66 64 3 4194304 0
66 65 3 4194304 0
66 67 3 4194304 0
66 68 3 4194304 0
66 69 3 4194304 0
66 70 3 4194304 0
66 71 3 4194304 0
67 0 3 4194304 0
67 1 3 4194304 0
67 2 3 4194304 0
67 3 3 4194304 0
67 4 3 4194304 0
67 5 3 4194304 0
67 6 3 4194304 0
67 7 3 4194304 0
67 8 3 4194304 0
67 9 3 4194304 0
67 10 3 4194304 0
67 11 3 4194304 0
67 12 3 4194304 0
67 13 3 4194304 0
67 14 3 4194304 0
67 15 3 4194304 0
67 16 3 4194304 0
67 17 3 4194304 0
67 18 3 4194304 0
67 19 3 4194304 0
67 20 3 4194304 0
67 21 3 4194304 0
67 22 3 4194304 0
67 23 3 4194304 0
67 24 3 4194304 0
67 25 3 4194304 0
67 26 3 4194304 0
67 27 3 4194304 0
67 28 3 4194304 0
67 29 3 4194304 0
67 30 3 4194304 0
67 31 3 4194304 0
67 32 3 4194304 0
67 33 3 4194304 0
67 34 3 4194304 0
67 35 3 4194304 0
67 36 3 4194304 0
67 37 3 4194304 0
67 38 3 4194304 0
67 39 3 4194304 0
67 40 3 4194304 0
67 41 3 4194304 0
67 42 3 4194304 0
67 43 3 4194304 0
67 44 3 4194304 0
67 45 3 4194304 0
67 46 3 4194304 0
67 47 3 4194304 0
67 48 3 4194304 0
67 49 3 4194304 0
67 50 3 4194304 0
67 51 3 4194304 0
67 52 3 4194304 0
67 53 3 4194304 0
67 54 3 4194304 0
67 55 3 4194304 0
67 56 3 4194304 0
67 57 3 4194304 0
67 58 3 4194304 0
67 59 3 4194304 0
67 60 3 4194304 0
67 61 3 4194304 0
67 62 3 4194304 0
67 63 3 4194304 0
67 64 3 4194304 0
67 65 3 4194304 0
67 66 3 4194304 0
67 68 3 4194304 0
67 69 3 4194304 0
67 70 3 4194304 0
67 71 3 4194304 0
68 0 3 4194304 0
68 1 3 4194304 0
68 2 3 4194304 0
68 3 3 4194304 0
68 4 3 4194304 0
68 5 3 4194304 0
68 6 3 4194304 0
68 7 3 4194304 0
68 8 3 4194304 0
68 9 3 4194304 0
68 10 3 4194304 0
68 11 3 4194304 0
68 12 3 4194304 0
68 13 3 4194304 0
68 14 3 4194304 0
68 15 3 4194304 0
68 16 3 4194304 0
68 17 3 4194304 0
68 18 3 4194304 0
68 19 3 4194304 0
68 20 3 4194304 0
68 21 3 4194304 0
68 22 3 4194304 0
68 23 3 4194304 0
68 24 3 4194304 0
68 25 3 4194304 0
68 26 3 4194304 0
68 27 3 4194304 0
68 28 3 4194304 0
68 29 3 4194304 0
68 30 3 4194304 0
68 31 3 4194304 0
68 32 3 4194304 0
68 33 3 4194304 0
68 34 3 4194304 0
68 35 3 4194304 0
68 36 3 4194304 0
68 37 3 4194304 0
68 38 3 4194304 0
68 39 3 4194304 0
68 40 3 4194304 0
68 41 3 4194304 0
68 42 3 4194304 0
68 43 3 4194304 0
68 44 3 4194304 0
68 45 3 4194304 0
68 46 3 4194304 0
68 47 3 4194304 0
68 48 3 4194304 0
68 49 3 4194304 0
68 50 3 4194304 0
68 51 3 4194304 0
68 52 3 4194304 0
68 53 3 4194304 0
68 54 3 4194304 0
68 55 3 4194304 0
68 56 3 4194304 0
68 57 3 4194304 0
68 58 3 4194304 0
68 59 3 4194304 0
68 60 3 4194304 0
68 61 3 4194304 0
68 62 3 4194304 0
68 63 3 4194304 0
68 64 3 4194304 0
68 65 3 4194304 0
68 66 3 4194304 0
68 67 3 4194304 0
68 69 3 4194304 0
68 70 3 4194304 0
68 71 3 4194304 0
69 0 3 4194304 0
69 1 3 4194304 0
69 2 3 4194304 0
69 3 3 4194304 0
69 4 3 4194304 0
69 5 3 4194304 0
69 6 3 4194304 0
69 7 3 4194304 0
69 8 3 4194304 0
69 9 3 4194304 0
69 10 3 4194304 0
69 11 3 4194304 0
69 12 3 4194304 0
69 13 3 4194304 0
69 14 3 4194304 0
69 15 3 4194304 0
69 16 3 4194304 0
69 17 3 4194304 0
69 18 3 4194304 0
69 19 3 4194304 0
69 20 3 4194304 0
69 21 3 4194304 0
69 22 3 4194304 0
69 23 3 4194304 0
69 24 3 4194304 0
69 25 3 4194304 0
69 26 3 4194304 0
69 27 3 4194304 0
69 28 3 4194304 0
69 29 3 4194304 0
69 30 3 4194304 0
69 31 3 4194304 0
69 32 3 4194304 0
69 33 3 4194304 0
69 34 3 4194304 0
69 35 3 4194304 0
69 36 3 4194304 0
69 37 3 4194304 0
69 38 3 4194304 0
69 39 3 4194304 0
69 40 3 4194304 0
69 41 3 4194304 0
69 42 3 4194304 0
69 43 3 4194304 0
69 44 3 4194304 0
69 45 3 4194304 0
69 46 3 4194304 0
69 47 3 4194304 0
69 48 3 4194304 0
69 49 3 4194304 0
69 50 3 4194304 0
69 51 3 4194304 0
69 52 3 4194304 0
69 53 3 4194304 0
69 54 3 4194304 0
69 55 3 4194304 0
69 56 3 4194304 0
69 57 3 4194304 0
69 58 3 4194304 0
69 59 3 4194304 0
69 60 3 4194304 0
69 61 3 4194304 0
69 62 3 4194304 0
69 63 3 4194304 0
69 64 3 4194304 0
69 65 3 4194304 0
69 66 3 4194304 0
69 67 3 4194304 0
69 68 3 4194304 0
69 70 3 4194304 0
69 71 3 4194304 0
70 0 3 4194304 0
70 1 3 4194304 0
70 2 3 4194304 0
70 3 3 4194304 0
70 4 3 4194304 0
70 5 3 4194304 0
70 6 3 4194304 0
70 7 3 4194304 0
70 8 3 4194304 0
70 9 3 4194304 0
70 10 3 4194304 0
70 11 3 4194304 0
70 12 3 4194304 0
70 13 3 4194304 0
70 14 3 4194304 0
70 15 3 4194304 0
70 16 3 4194304 0
70 17 3 4194304 0
70 18 3 4194304 0
70 19 3 4194304 0
70 20 3 4194304 0
70 21 3 4194304 0
70 22 3 4194304 0
70 23 3 4194304 0
70 24 3 4194304 0
70 25 3 4194304 0
70 26 3 4194304 0
70 27 3 4194304 0
70 28 3 4194304 0
70 29 3 4194304 0
70 30 3 4194304 0
70 31 3 4194304 0
70 32 3 4194304 0
70 33 3 4194304 0
70 34 3 4194304 0
70 35 3 4194304 0
70 36 3 4194304 0
70 37 3 4194304 0
70 38 3 4194304 0
70 39 3 4194304 0
70 40 3 4194304 0
70 41 3 4194304 0
70 42 3 4194304 0
70 43 3 4194304 0
70 44 3 4194304 0
70 45 3 4194304 0
70 46 3 4194304 0
70 47 3 4194304 0
70 48 3 4194304 0
70 49 3 4194304 0
70 50 3 4194304 0
70 51 3 4194304 0
70 52 3 4194304 0
70 53 3 4194304 0
70 54 3 4194304 0
70 55 3 4194304 0
70 56 3 4194304 0
70 57 3 4194304 0
70 58 3 4194304 0
70 59 3 4194304 0
70 60 3 4194304 0
70 61 3 4194304 0
70 62 3 4194304 0
70 63 3 4194304 0
70 64 3 4194304 0
70 65 3 4194304 0
70 66 3 4194304 0
70 67 3 4194304 0
70 68 3 4194304 0
70 69 3 4194304 0
70 71 3 4194304 0
71 0 3 4194304 0
71 1 3 4194304 0
71 2 3 4194304 0
71 3 3 4194304 0
71 4 3 4194304 0
71 5 3 4194304 0
71 6 3 4194304 0
71 7 3 4194304 0
71 8 3 4194304 0
71 9 3 4194304 0
71 10 3 4194304 0
71 11 3 4194304 0
71 12 3 4194304 0
71 13 3 4194304 0
71 14 3 4194304 0
71 15 3 4194304 0
71 16 3 4194304 0
71 17 3 4194304 0
71 18 3 4194304 0
71 19 3 4194304 0
71 20 3 4194304 0
71 21 3 4194304 0
71 22 3 4194304 0
71 23 3 4194304 0
71 24 3 4194304 0
71 25 3 4194304 0
71 26 3 4194304 0
71 27 3 4194304 0
71 28 3 4194304 0
71 29 3 4194304 0
71 30 3 4194304 0
71 31 3 4194304 0
71 32 3 4194304 0
71 33 3 4194304 0
71 34 3 4194304 0
71 35 3 4194304 0
71 36 3 4194304 0
71 37 3 4194304 0
71 38 3 4194304 0
71 39 3 4194304 0
71 40 3 4194304 0
71 41 3 4194304 0
71 42 3 4194304 0
71 43 3 4194304 0
71 44 3 4194304 0
71 45 3 4194304 0
71 46 3 4194304 0
71 47 3 4194304 0
71 48 3 4194304 0
71 49 3 4194304 0
71 50 3 4194304 0
71 51 3 4194304 0
71 52 3 4194304 0
71 53 3 4194304 0
71 54 3 4194304 0
71 55 3 4194304 0
71 56 3 4194304 0
71 57 3 4194304 0
71 58 3 4194304 0
71 59 3 4194304 0
71 60 3 4194304 0
71 61 3 4194304 0
71 62 3 4194304 0
71 63 3 4194304 0
71 64 3 4194304 0
71 65 3 4194304 0
71 66 3 4194304 0
71 67 3 4194304 0
71 68 3 4194304 0
71 69 3 4194304 0
71 70 3 4194304 0
