112
0 1 3 65536 0
1 2 3 65536 0
2 3 3 65536 0
3 4 3 65536 0
4 5 3 65536 0
5 6 3 65536 0
6 7 3 65536 0
7 0 3 65536 0
0 1 3 65536 1
1 2 3 65536 1
2 3 3 65536 1
3 4 3 65536 1
4 5 3 65536 1
5 6 3 65536 1
6 7 3 65536 1
7 0 3 65536 1
0 1 3 65536 2
1 2 3 65536 2
2 3 3 65536 2
3 4 3 65536 2
4 5 3 65536 2
5 6 3 65536 2
6 7 3 65536 2
7 0 3 65536 2
0 1 3 65536 3
1 2 3 65536 3
2 3 3 65536 3
3 4 3 65536 3
4 5 3 65536 3
5 6 3 65536 3
6 7 3 65536 3
7 0 3 65536 3
0 1 3 65536 4
1 2 3 65536 4
2 3 3 65536 4
3 4 3 65536 4
4 5 3 65536 4
5 6 3 65536 4
6 7 3 65536 4
7 0 3 65536 4
0 1 3 65536 5
1 2 3 65536 5
2 3 3 65536 5
3 4 3 65536 5
4 5 3 65536 5
5 6 3 65536 5
6 7 3 65536 5
7 0 3 65536 5
0 1 3 65536 6
1 2 3 65536 6
2 3 3 65536 6
3 4 3 65536 6
4 5 3 65536 6
5 6 3 65536 6
6 7 3 65536 6
7 0 3 65536 6
0 1 3 65536 7
1 2 3 65536 7
2 3 3 65536 7
3 4 3 65536 7
4 5 3 65536 7
5 6 3 65536 7
6 7 3 65536 7
7 0 3 65536 7
0 1 3 65536 8
1 2 3 65536 8
2 3 3 65536 8
3 4 3 65536 8
4 5 3 65536 8
5 6 3 65536 8
6 7 3 65536 8
7 0 3 65536 8
0 1 3 65536 9
1 2 3 65536 9
2 3 3 65536 9
3 4 3 65536 9
4 5 3 65536 9
5 6 3 65536 9
6 7 3 65536 9
7 0 3 65536 9
0 1 3 65536 10
1 2 3 65536 10
2 3 3 65536 10
3 4 3 65536 10
4 5 3 65536 10
5 6 3 65536 10
6 7 3 65536 10
7 0 3 65536 10
0 1 3 65536 11
1 2 3 65536 11
2 3 3 65536 11
3 4 3 65536 11
4 5 3 65536 11
5 6 3 65536 11
6 7 3 65536 11
7 0 3 65536 11
0 1 3 65536 12
1 2 3 65536 12
2 3 3 65536 12
3 4 3 65536 12
4 5 3 65536 12
5 6 3 65536 12
6 7 3 65536 12
7 0 3 65536 12
0 1 3 65536 13
1 2 3 65536 13
2 3 3 65536 13
3 4 3 65536 13
4 5 3 65536 13
5 6 3 65536 13
6 7 3 65536 13
7 0 3 65536 13
