112
0 1 3 33554432 0
1 2 3 33554432 0
2 3 3 33554432 0
3 4 3 33554432 0
4 5 3 33554432 0
5 6 3 33554432 0
6 7 3 33554432 0
7 0 3 33554432 0
0 1 3 33554432 1
1 2 3 33554432 1
2 3 3 33554432 1
3 4 3 33554432 1
4 5 3 33554432 1
5 6 3 33554432 1
6 7 3 33554432 1
7 0 3 33554432 1
0 1 3 33554432 2
1 2 3 33554432 2
2 3 3 33554432 2
3 4 3 33554432 2
4 5 3 33554432 2
5 6 3 33554432 2
6 7 3 33554432 2
7 0 3 33554432 2
0 1 3 33554432 3
1 2 3 33554432 3
2 3 3 33554432 3
3 4 3 33554432 3
4 5 3 33554432 3
5 6 3 33554432 3
6 7 3 33554432 3
7 0 3 33554432 3
0 1 3 33554432 4
1 2 3 33554432 4
2 3 3 33554432 4
3 4 3 33554432 4
4 5 3 33554432 4
5 6 3 33554432 4
6 7 3 33554432 4
7 0 3 33554432 4
0 1 3 33554432 5
1 2 3 33554432 5
2 3 3 33554432 5
3 4 3 33554432 5
4 5 3 33554432 5
5 6 3 33554432 5
6 7 3 33554432 5
7 0 3 33554432 5
0 1 3 33554432 6
1 2 3 33554432 6
2 3 3 33554432 6
3 4 3 33554432 6
4 5 3 33554432 6
5 6 3 33554432 6
6 7 3 33554432 6
7 0 3 33554432 6
0 1 3 33554432 7
1 2 3 33554432 7
2 3 3 33554432 7
3 4 3 33554432 7
4 5 3 33554432 7
5 6 3 33554432 7
6 7 3 33554432 7
7 0 3 33554432 7
0 1 3 33554432 8
1 2 3 33554432 8
2 3 3 33554432 8
3 4 3 33554432 8
4 5 3 33554432 8
5 6 3 33554432 8
6 7 3 33554432 8
7 0 3 33554432 8
0 1 3 33554432 9
1 2 3 33554432 9
2 3 3 33554432 9
3 4 3 33554432 9
4 5 3 33554432 9
5 6 3 33554432 9
6 7 3 33554432 9
7 0 3 33554432 9
0 1 3 33554432 10
1 2 3 33554432 10
2 3 3 33554432 10
3 4 3 33554432 10
4 5 3 33554432 10
5 6 3 33554432 10
6 7 3 33554432 10
7 0 3 33554432 10
0 1 3 33554432 11
1 2 3 33554432 11
2 3 3 33554432 11
3 4 3 33554432 11
4 5 3 33554432 11
5 6 3 33554432 11
6 7 3 33554432 11
7 0 3 33554432 11
0 1 3 33554432 12
1 2 3 33554432 12
2 3 3 33554432 12
3 4 3 33554432 12
4 5 3 33554432 12
5 6 3 33554432 12
6 7 3 33554432 12
7 0 3 33554432 12
0 1 3 33554432 13
1 2 3 33554432 13
2 3 3 33554432 13
3 4 3 33554432 13
4 5 3 33554432 13
5 6 3 33554432 13
6 7 3 33554432 13
7 0 3 33554432 13
