112
0 1 3 16777216 0
1 2 3 16777216 0
2 3 3 16777216 0
3 4 3 16777216 0
4 5 3 16777216 0
5 6 3 16777216 0
6 7 3 16777216 0
7 0 3 16777216 0
0 1 3 16777216 1
1 2 3 16777216 1
2 3 3 16777216 1
3 4 3 16777216 1
4 5 3 16777216 1
5 6 3 16777216 1
6 7 3 16777216 1
7 0 3 16777216 1
0 1 3 16777216 2
1 2 3 16777216 2
2 3 3 16777216 2
3 4 3 16777216 2
4 5 3 16777216 2
5 6 3 16777216 2
6 7 3 16777216 2
7 0 3 16777216 2
0 1 3 16777216 3
1 2 3 16777216 3
2 3 3 16777216 3
3 4 3 16777216 3
4 5 3 16777216 3
5 6 3 16777216 3
6 7 3 16777216 3
7 0 3 16777216 3
0 1 3 16777216 4
1 2 3 16777216 4
2 3 3 16777216 4
3 4 3 16777216 4
4 5 3 16777216 4
5 6 3 16777216 4
6 7 3 16777216 4
7 0 3 16777216 4
0 1 3 16777216 5
1 2 3 16777216 5
2 3 3 16777216 5
3 4 3 16777216 5
4 5 3 16777216 5
5 6 3 16777216 5
6 7 3 16777216 5
7 0 3 16777216 5
0 1 3 16777216 6
1 2 3 16777216 6
2 3 3 16777216 6
3 4 3 16777216 6
4 5 3 16777216 6
5 6 3 16777216 6
6 7 3 16777216 6
7 0 3 16777216 6
0 1 3 16777216 7
1 2 3 16777216 7
2 3 3 16777216 7
3 4 3 16777216 7
4 5 3 16777216 7
5 6 3 16777216 7
6 7 3 16777216 7
7 0 3 16777216 7
0 1 3 16777216 8
1 2 3 16777216 8
2 3 3 16777216 8
3 4 3 16777216 8
4 5 3 16777216 8
5 6 3 16777216 8
6 7 3 16777216 8
7 0 3 16777216 8
0 1 3 16777216 9
1 2 3 16777216 9
2 3 3 16777216 9
3 4 3 16777216 9
4 5 3 16777216 9
5 6 3 16777216 9
6 7 3 16777216 9
7 0 3 16777216 9
0 1 3 16777216 10
1 2 3 16777216 10
2 3 3 16777216 10
3 4 3 16777216 10
4 5 3 16777216 10
5 6 3 16777216 10
6 7 3 16777216 10
7 0 3 16777216 10
0 1 3 16777216 11
1 2 3 16777216 11
2 3 3 16777216 11
3 4 3 16777216 11
4 5 3 16777216 11
5 6 3 16777216 11
6 7 3 16777216 11
7 0 3 16777216 11
0 1 3 16777216 12
1 2 3 16777216 12
2 3 3 16777216 12
3 4 3 16777216 12
4 5 3 16777216 12
5 6 3 16777216 12
6 7 3 16777216 12
7 0 3 16777216 12
0 1 3 16777216 13
1 2 3 16777216 13
2 3 3 16777216 13
3 4 3 16777216 13
4 5 3 16777216 13
5 6 3 16777216 13
6 7 3 16777216 13
7 0 3 16777216 13
