112
0 1 3 131072 0
1 2 3 131072 0
2 3 3 131072 0
3 4 3 131072 0
4 5 3 131072 0
5 6 3 131072 0
6 7 3 131072 0
7 0 3 131072 0
0 1 3 131072 1
1 2 3 131072 1
2 3 3 131072 1
3 4 3 131072 1
4 5 3 131072 1
5 6 3 131072 1
6 7 3 131072 1
7 0 3 131072 1
0 1 3 131072 2
1 2 3 131072 2
2 3 3 131072 2
3 4 3 131072 2
4 5 3 131072 2
5 6 3 131072 2
6 7 3 131072 2
7 0 3 131072 2
0 1 3 131072 3
1 2 3 131072 3
2 3 3 131072 3
3 4 3 131072 3
4 5 3 131072 3
5 6 3 131072 3
6 7 3 131072 3
7 0 3 131072 3
0 1 3 131072 4
1 2 3 131072 4
2 3 3 131072 4
3 4 3 131072 4
4 5 3 131072 4
5 6 3 131072 4
6 7 3 131072 4
7 0 3 131072 4
0 1 3 131072 5
1 2 3 131072 5
2 3 3 131072 5
3 4 3 131072 5
4 5 3 131072 5
5 6 3 131072 5
6 7 3 131072 5
7 0 3 131072 5
0 1 3 131072 6
1 2 3 131072 6
2 3 3 131072 6
3 4 3 131072 6
4 5 3 131072 6
5 6 3 131072 6
6 7 3 131072 6
7 0 3 131072 6
0 1 3 131072 7
1 2 3 131072 7
2 3 3 131072 7
3 4 3 131072 7
4 5 3 131072 7
5 6 3 131072 7
6 7 3 131072 7
7 0 3 131072 7
0 1 3 131072 8
1 2 3 131072 8
2 3 3 131072 8
3 4 3 131072 8
4 5 3 131072 8
5 6 3 131072 8
6 7 3 131072 8
7 0 3 131072 8
0 1 3 131072 9
1 2 3 131072 9
2 3 3 131072 9
3 4 3 131072 9
4 5 3 131072 9
5 6 3 131072 9
6 7 3 131072 9
7 0 3 131072 9
0 1 3 131072 10
1 2 3 131072 10
2 3 3 131072 10
3 4 3 131072 10
4 5 3 131072 10
5 6 3 131072 10
6 7 3 131072 10
7 0 3 131072 10
0 1 3 131072 11
1 2 3 131072 11
2 3 3 131072 11
3 4 3 131072 11
4 5 3 131072 11
5 6 3 131072 11
6 7 3 131072 11
7 0 3 131072 11
0 1 3 131072 12
1 2 3 131072 12
2 3 3 131072 12
3 4 3 131072 12
4 5 3 131072 12
5 6 3 131072 12
6 7 3 131072 12
7 0 3 131072 12
0 1 3 131072 13
1 2 3 131072 13
2 3 3 131072 13
3 4 3 131072 13
4 5 3 131072 13
5 6 3 131072 13
6 7 3 131072 13
7 0 3 131072 13
