56
0 1 3 134217728 0
0 2 3 134217728 0
0 3 3 134217728 0
0 4 3 134217728 0
0 5 3 134217728 0
0 6 3 134217728 0
0 7 3 134217728 0
1 0 3 134217728 0
1 2 3 134217728 0
1 3 3 134217728 0
1 4 3 134217728 0
1 5 3 134217728 0
1 6 3 134217728 0
1 7 3 134217728 0
2 0 3 134217728 0
2 1 3 134217728 0
2 3 3 134217728 0
2 4 3 134217728 0
2 5 3 134217728 0
2 6 3 134217728 0
2 7 3 134217728 0
3 0 3 134217728 0
3 1 3 134217728 0
3 2 3 134217728 0
3 4 3 134217728 0
3 5 3 134217728 0
3 6 3 134217728 0
3 7 3 134217728 0
4 0 3 134217728 0
4 1 3 134217728 0
4 2 3 134217728 0
4 3 3 134217728 0
4 5 3 134217728 0
4 6 3 134217728 0
4 7 3 134217728 0
5 0 3 134217728 0
5 1 3 134217728 0
5 2 3 134217728 0
5 3 3 134217728 0
5 4 3 134217728 0
5 6 3 134217728 0
5 7 3 134217728 0
6 0 3 134217728 0
6 1 3 134217728 0
6 2 3 134217728 0
6 3 3 134217728 0
6 4 3 134217728 0
6 5 3 134217728 0
6 7 3 134217728 0
7 0 3 134217728 0
7 1 3 134217728 0
7 2 3 134217728 0
7 3 3 134217728 0
7 4 3 134217728 0
7 5 3 134217728 0
7 6 3 134217728 0
