112
0 1 3 2097152 0
1 2 3 2097152 0
2 3 3 2097152 0
3 4 3 2097152 0
4 5 3 2097152 0
5 6 3 2097152 0
6 7 3 2097152 0
7 0 3 2097152 0
0 1 3 2097152 1
1 2 3 2097152 1
2 3 3 2097152 1
3 4 3 2097152 1
4 5 3 2097152 1
5 6 3 2097152 1
6 7 3 2097152 1
7 0 3 2097152 1
0 1 3 2097152 2
1 2 3 2097152 2
2 3 3 2097152 2
3 4 3 2097152 2
4 5 3 2097152 2
5 6 3 2097152 2
6 7 3 2097152 2
7 0 3 2097152 2
0 1 3 2097152 3
1 2 3 2097152 3
2 3 3 2097152 3
3 4 3 2097152 3
4 5 3 2097152 3
5 6 3 2097152 3
6 7 3 2097152 3
7 0 3 2097152 3
0 1 3 2097152 4
1 2 3 2097152 4
2 3 3 2097152 4
3 4 3 2097152 4
4 5 3 2097152 4
5 6 3 2097152 4
6 7 3 2097152 4
7 0 3 2097152 4
0 1 3 2097152 5
1 2 3 2097152 5
2 3 3 2097152 5
3 4 3 2097152 5
4 5 3 2097152 5
5 6 3 2097152 5
6 7 3 2097152 5
7 0 3 2097152 5
0 1 3 2097152 6
1 2 3 2097152 6
2 3 3 2097152 6
3 4 3 2097152 6
4 5 3 2097152 6
5 6 3 2097152 6
6 7 3 2097152 6
7 0 3 2097152 6
0 1 3 2097152 7
1 2 3 2097152 7
2 3 3 2097152 7
3 4 3 2097152 7
4 5 3 2097152 7
5 6 3 2097152 7
6 7 3 2097152 7
7 0 3 2097152 7
0 1 3 2097152 8
1 2 3 2097152 8
2 3 3 2097152 8
3 4 3 2097152 8
4 5 3 2097152 8
5 6 3 2097152 8
6 7 3 2097152 8
7 0 3 2097152 8
0 1 3 2097152 9
1 2 3 2097152 9
2 3 3 2097152 9
3 4 3 2097152 9
4 5 3 2097152 9
5 6 3 2097152 9
6 7 3 2097152 9
7 0 3 2097152 9
0 1 3 2097152 10
1 2 3 2097152 10
2 3 3 2097152 10
3 4 3 2097152 10
4 5 3 2097152 10
5 6 3 2097152 10
6 7 3 2097152 10
7 0 3 2097152 10
0 1 3 2097152 11
1 2 3 2097152 11
2 3 3 2097152 11
3 4 3 2097152 11
4 5 3 2097152 11
5 6 3 2097152 11
6 7 3 2097152 11
7 0 3 2097152 11
0 1 3 2097152 12
1 2 3 2097152 12
2 3 3 2097152 12
3 4 3 2097152 12
4 5 3 2097152 12
5 6 3 2097152 12
6 7 3 2097152 12
7 0 3 2097152 12
0 1 3 2097152 13
1 2 3 2097152 13
2 3 3 2097152 13
3 4 3 2097152 13
4 5 3 2097152 13
5 6 3 2097152 13
6 7 3 2097152 13
7 0 3 2097152 13
