112
0 1 3 134217728 0
1 2 3 134217728 0
2 3 3 134217728 0
3 4 3 134217728 0
4 5 3 134217728 0
5 6 3 134217728 0
6 7 3 134217728 0
7 0 3 134217728 0
0 1 3 134217728 1
1 2 3 134217728 1
2 3 3 134217728 1
3 4 3 134217728 1
4 5 3 134217728 1
5 6 3 134217728 1
6 7 3 134217728 1
7 0 3 134217728 1
0 1 3 134217728 2
1 2 3 134217728 2
2 3 3 134217728 2
3 4 3 134217728 2
4 5 3 134217728 2
5 6 3 134217728 2
6 7 3 134217728 2
7 0 3 134217728 2
0 1 3 134217728 3
1 2 3 134217728 3
2 3 3 134217728 3
3 4 3 134217728 3
4 5 3 134217728 3
5 6 3 134217728 3
6 7 3 134217728 3
7 0 3 134217728 3
0 1 3 134217728 4
1 2 3 134217728 4
2 3 3 134217728 4
3 4 3 134217728 4
4 5 3 134217728 4
5 6 3 134217728 4
6 7 3 134217728 4
7 0 3 134217728 4
0 1 3 134217728 5
1 2 3 134217728 5
2 3 3 134217728 5
3 4 3 134217728 5
4 5 3 134217728 5
5 6 3 134217728 5
6 7 3 134217728 5
7 0 3 134217728 5
0 1 3 134217728 6
1 2 3 134217728 6
2 3 3 134217728 6
3 4 3 134217728 6
4 5 3 134217728 6
5 6 3 134217728 6
6 7 3 134217728 6
7 0 3 134217728 6
0 1 3 134217728 7
1 2 3 134217728 7
2 3 3 134217728 7
3 4 3 134217728 7
4 5 3 134217728 7
5 6 3 134217728 7
6 7 3 134217728 7
7 0 3 134217728 7
0 1 3 134217728 8
1 2 3 134217728 8
2 3 3 134217728 8
3 4 3 134217728 8
4 5 3 134217728 8
5 6 3 134217728 8
6 7 3 134217728 8
7 0 3 134217728 8
0 1 3 134217728 9
1 2 3 134217728 9
2 3 3 134217728 9
3 4 3 134217728 9
4 5 3 134217728 9
5 6 3 134217728 9
6 7 3 134217728 9
7 0 3 134217728 9
0 1 3 134217728 10
1 2 3 134217728 10
2 3 3 134217728 10
3 4 3 134217728 10
4 5 3 134217728 10
5 6 3 134217728 10
6 7 3 134217728 10
7 0 3 134217728 10
0 1 3 134217728 11
1 2 3 134217728 11
2 3 3 134217728 11
3 4 3 134217728 11
4 5 3 134217728 11
5 6 3 134217728 11
6 7 3 134217728 11
7 0 3 134217728 11
0 1 3 134217728 12
1 2 3 134217728 12
2 3 3 134217728 12
3 4 3 134217728 12
4 5 3 134217728 12
5 6 3 134217728 12
6 7 3 134217728 12
7 0 3 134217728 12
0 1 3 134217728 13
1 2 3 134217728 13
2 3 3 134217728 13
3 4 3 134217728 13
4 5 3 134217728 13
5 6 3 134217728 13
6 7 3 134217728 13
7 0 3 134217728 13
