112
0 1 3 67108864 0
1 2 3 67108864 0
2 3 3 67108864 0
3 4 3 67108864 0
4 5 3 67108864 0
5 6 3 67108864 0
6 7 3 67108864 0
7 0 3 67108864 0
0 1 3 67108864 1
1 2 3 67108864 1
2 3 3 67108864 1
3 4 3 67108864 1
4 5 3 67108864 1
5 6 3 67108864 1
6 7 3 67108864 1
7 0 3 67108864 1
0 1 3 67108864 2
1 2 3 67108864 2
2 3 3 67108864 2
3 4 3 67108864 2
4 5 3 67108864 2
5 6 3 67108864 2
6 7 3 67108864 2
7 0 3 67108864 2
0 1 3 67108864 3
1 2 3 67108864 3
2 3 3 67108864 3
3 4 3 67108864 3
4 5 3 67108864 3
5 6 3 67108864 3
6 7 3 67108864 3
7 0 3 67108864 3
0 1 3 67108864 4
1 2 3 67108864 4
2 3 3 67108864 4
3 4 3 67108864 4
4 5 3 67108864 4
5 6 3 67108864 4
6 7 3 67108864 4
7 0 3 67108864 4
0 1 3 67108864 5
1 2 3 67108864 5
2 3 3 67108864 5
3 4 3 67108864 5
4 5 3 67108864 5
5 6 3 67108864 5
6 7 3 67108864 5
7 0 3 67108864 5
0 1 3 67108864 6
1 2 3 67108864 6
2 3 3 67108864 6
3 4 3 67108864 6
4 5 3 67108864 6
5 6 3 67108864 6
6 7 3 67108864 6
7 0 3 67108864 6
0 1 3 67108864 7
1 2 3 67108864 7
2 3 3 67108864 7
3 4 3 67108864 7
4 5 3 67108864 7
5 6 3 67108864 7
6 7 3 67108864 7
7 0 3 67108864 7
0 1 3 67108864 8
1 2 3 67108864 8
2 3 3 67108864 8
3 4 3 67108864 8
4 5 3 67108864 8
5 6 3 67108864 8
6 7 3 67108864 8
7 0 3 67108864 8
0 1 3 67108864 9
1 2 3 67108864 9
2 3 3 67108864 9
3 4 3 67108864 9
4 5 3 67108864 9
5 6 3 67108864 9
6 7 3 67108864 9
7 0 3 67108864 9
0 1 3 67108864 10
1 2 3 67108864 10
2 3 3 67108864 10
3 4 3 67108864 10
4 5 3 67108864 10
5 6 3 67108864 10
6 7 3 67108864 10
7 0 3 67108864 10
0 1 3 67108864 11
1 2 3 67108864 11
2 3 3 67108864 11
3 4 3 67108864 11
4 5 3 67108864 11
5 6 3 67108864 11
6 7 3 67108864 11
7 0 3 67108864 11
0 1 3 67108864 12
1 2 3 67108864 12
2 3 3 67108864 12
3 4 3 67108864 12
4 5 3 67108864 12
5 6 3 67108864 12
6 7 3 67108864 12
7 0 3 67108864 12
0 1 3 67108864 13
1 2 3 67108864 13
2 3 3 67108864 13
3 4 3 67108864 13
4 5 3 67108864 13
5 6 3 67108864 13
6 7 3 67108864 13
7 0 3 67108864 13
