112
0 1 3 524288 0
1 2 3 524288 0
2 3 3 524288 0
3 4 3 524288 0
4 5 3 524288 0
5 6 3 524288 0
6 7 3 524288 0
7 0 3 524288 0
0 1 3 524288 1
1 2 3 524288 1
2 3 3 524288 1
3 4 3 524288 1
4 5 3 524288 1
5 6 3 524288 1
6 7 3 524288 1
7 0 3 524288 1
0 1 3 524288 2
1 2 3 524288 2
2 3 3 524288 2
3 4 3 524288 2
4 5 3 524288 2
5 6 3 524288 2
6 7 3 524288 2
7 0 3 524288 2
0 1 3 524288 3
1 2 3 524288 3
2 3 3 524288 3
3 4 3 524288 3
4 5 3 524288 3
5 6 3 524288 3
6 7 3 524288 3
7 0 3 524288 3
0 1 3 524288 4
1 2 3 524288 4
2 3 3 524288 4
3 4 3 524288 4
4 5 3 524288 4
5 6 3 524288 4
6 7 3 524288 4
7 0 3 524288 4
0 1 3 524288 5
1 2 3 524288 5
2 3 3 524288 5
3 4 3 524288 5
4 5 3 524288 5
5 6 3 524288 5
6 7 3 524288 5
7 0 3 524288 5
0 1 3 524288 6
1 2 3 524288 6
2 3 3 524288 6
3 4 3 524288 6
4 5 3 524288 6
5 6 3 524288 6
6 7 3 524288 6
7 0 3 524288 6
0 1 3 524288 7
1 2 3 524288 7
2 3 3 524288 7
3 4 3 524288 7
4 5 3 524288 7
5 6 3 524288 7
6 7 3 524288 7
7 0 3 524288 7
0 1 3 524288 8
1 2 3 524288 8
2 3 3 524288 8
3 4 3 524288 8
4 5 3 524288 8
5 6 3 524288 8
6 7 3 524288 8
7 0 3 524288 8
0 1 3 524288 9
1 2 3 524288 9
2 3 3 524288 9
3 4 3 524288 9
4 5 3 524288 9
5 6 3 524288 9
6 7 3 524288 9
7 0 3 524288 9
0 1 3 524288 10
1 2 3 524288 10
2 3 3 524288 10
3 4 3 524288 10
4 5 3 524288 10
5 6 3 524288 10
6 7 3 524288 10
7 0 3 524288 10
0 1 3 524288 11
1 2 3 524288 11
2 3 3 524288 11
3 4 3 524288 11
4 5 3 524288 11
5 6 3 524288 11
6 7 3 524288 11
7 0 3 524288 11
0 1 3 524288 12
1 2 3 524288 12
2 3 3 524288 12
3 4 3 524288 12
4 5 3 524288 12
5 6 3 524288 12
6 7 3 524288 12
7 0 3 524288 12
0 1 3 524288 13
1 2 3 524288 13
2 3 3 524288 13
3 4 3 524288 13
4 5 3 524288 13
5 6 3 524288 13
6 7 3 524288 13
7 0 3 524288 13
