1 0 100 10000 2097152 2000000000 18281 0
2 1 100 10000 2097152 2000000000 18281 0
3 2 100 10000 2097152 2000000000 18281 0
5 4 100 10000 2097152 2000000000 18281 0
6 5 100 10000 2097152 2000000000 18281 0
7 6 100 10000 2097152 2000000000 18281 0
0 7 100 10000 2097152 2000000000 18281 0
4 3 100 10000 2097152 2000000000 304421 0
1 0 101 10001 2097152 2000306421 18281 1
2 1 101 10001 2097152 2000306421 18281 1
6 5 101 10001 2097152 2000306421 18281 1
0 7 101 10001 2097152 2000306421 18281 1
5 4 101 10001 2097152 2000306421 152323 1
4 3 101 10001 2097152 2000306421 250099 1
3 2 101 10001 2097152 2000306421 250111 1
7 6 101 10001 2097152 2000306421 304421 1
6 5 102 10002 2097152 2000612841 18282 2
0 7 102 10002 2097152 2000612841 18282 2
3 2 102 10002 2097152 2000612841 18282 2
5 4 102 10002 2097152 2000612841 76235 2
4 3 102 10002 2097152 2000612841 152316 2
7 6 102 10002 2097152 2000612841 152322 2
1 0 102 10002 2097152 2000612841 304422 2
2 1 102 10002 2097152 2000612841 304424 2
5 4 103 10003 2097152 2000919264 18282 3
6 5 103 10003 2097152 2000919264 18282 3
7 6 103 10003 2097152 2000919264 18282 3
4 3 103 10003 2097152 2000919264 61060 3
1 0 103 10003 2097152 2000919264 152320 3
3 2 103 10003 2097152 2000919264 152324 3
0 7 103 10003 2097152 2000919264 239986 3
2 1 103 10003 2097152 2000919264 304422 3
1 0 104 10004 2097152 2001225686 18281 4
2 1 104 10004 2097152 2001225686 18281 4
6 5 104 10004 2097152 2001225686 18281 4
0 7 104 10004 2097152 2001225686 18281 4
4 3 104 10004 2097152 2001225686 18281 4
3 2 104 10004 2097152 2001225686 18281 4
5 4 104 10004 2097152 2001225686 101613 4
7 6 104 10004 2097152 2001225686 304421 4
1 0 105 10005 2097152 2001532107 18281 5
3 2 105 10005 2097152 2001532107 18281 5
6 5 105 10005 2097152 2001532107 18281 5
7 6 105 10005 2097152 2001532107 18281 5
5 4 105 10005 2097152 2001532107 18485 5
4 3 105 10005 2097152 2001532107 101613 5
0 7 105 10005 2097152 2001532107 101613 5
2 1 105 10005 2097152 2001532107 152315 5
2 1 106 10006 2097152 2001686422 18281 6
6 5 106 10006 2097152 2001686422 18281 6
4 3 106 10006 2097152 2001686422 18281 6
3 2 106 10006 2097152 2001686422 18281 6
1 0 106 10006 2097152 2001686422 34718 6
5 4 106 10006 2097152 2001686422 76265 6
0 7 106 10006 2097152 2001686422 94839 6
7 6 106 10006 2097152 2001686422 101613 6
6 5 107 10007 2097152 2001790035 18281 7
7 6 107 10007 2097152 2001790035 18281 7
2 1 107 10007 2097152 2001790035 18281 7
3 2 107 10007 2097152 2001790035 18485 7
1 0 107 10007 2097152 2001790035 33986 7
0 7 107 10007 2097152 2001790035 57905 7
4 3 107 10007 2097152 2001790035 76298 7
5 4 107 10007 2097152 2001790035 76300 7
1 0 108 10008 2097152 2001868335 18281 8
4 3 108 10008 2097152 2001868335 18281 8
6 5 108 10008 2097152 2001868335 18281 8
7 6 108 10008 2097152 2001868335 18485 8
5 4 108 10008 2097152 2001868335 25060 8
0 7 108 10008 2097152 2001868335 25554 8
3 2 108 10008 2097152 2001868335 27990 8
2 1 108 10008 2097152 2001868335 30604 8
7 6 109 10009 2097152 2001900939 18281 9
2 1 109 10009 2097152 2001900939 18281 9
1 0 109 10009 2097152 2001900939 18281 9
6 5 109 10009 2097152 2001900939 21941 9
0 7 109 10009 2097152 2001900939 23610 9
3 2 109 10009 2097152 2001900939 27876 9
5 4 109 10009 2097152 2001900939 43746 9
4 3 109 10009 2097152 2001900939 101613 9
2 1 110 10010 2097152 2002004551 18282 10
3 2 110 10010 2097152 2002004551 18486 10
5 4 110 10010 2097152 2002004551 21941 10
0 7 110 10010 2097152 2002004551 21974 10
4 3 110 10010 2097152 2002004551 27864 10
1 0 110 10010 2097152 2002004551 30654 10
7 6 110 10010 2097152 2002004551 30758 10
6 5 110 10010 2097152 2002004551 43663 10
6 5 111 10011 2097152 2002050214 18281 11
7 6 111 10011 2097152 2002050214 18281 11
4 3 111 10011 2097152 2002050214 18281 11
2 1 111 10011 2097152 2002050214 18281 11
1 0 111 10011 2097152 2002050214 21999 11
0 7 111 10011 2097152 2002050214 33997 11
5 4 111 10011 2097152 2002050214 76294 11
3 2 111 10011 2097152 2002050214 152315 11
7 6 112 10012 2097152 2002204529 18281 12
6 5 112 10012 2097152 2002204529 18281 12
0 7 112 10012 2097152 2002204529 18281 12
3 2 112 10012 2097152 2002204529 21414 12
2 1 112 10012 2097152 2002204529 21592 12
1 0 112 10012 2097152 2002204529 21942 12
5 4 112 10012 2097152 2002204529 25558 12
4 3 112 10012 2097152 2002204529 95517 12
6 5 113 10013 2097152 2002302046 18281 13
1 0 113 10013 2097152 2002302046 18485 13
2 1 113 10013 2097152 2002302046 21938 13
3 2 113 10013 2097152 2002302046 22098 13
4 3 113 10013 2097152 2002302046 22317 13
5 4 113 10013 2097152 2002302046 25549 13
0 7 113 10013 2097152 2002302046 25587 13
7 6 113 10013 2097152 2002302046 38283 13
