3 7 106 10003 1048576 2000000000 9241 52
1 2 101 10001 1048576 2000000000 9241 15
2 6 105 10002 1048576 2000000000 11290 44
5 4 104 10004 1048576 2000000000 13164 32
1 7 106 10001 1048576 2000000000 14594 50
1 3 102 10001 1048576 2000000000 14630 22
6 3 103 10005 1048576 2000000000 15325 26
1 0 100 10000 1048576 2000000000 18277 0
7 0 100 10006 1048576 2000000000 18280 6
6 7 106 10006 1048576 2000000000 18484 55
0 5 104 10000 1048576 2000000000 18492 35
2 0 100 10001 1048576 2000000000 18576 1
2 7 106 10002 1048576 2000000000 18580 51
1 4 103 10001 1048576 2000000000 18682 29
1 6 105 10001 1048576 2000000000 18682 43
7 6 106 10006 1048576 2000000000 18696 48
4 5 104 10004 1048576 2000000000 19502 39
3 2 102 10002 1048576 2000000000 19849 16
2 3 102 10002 1048576 2000000000 20305 23
2 4 103 10002 1048576 2000000000 20548 30
7 2 102 10006 1048576 2000000000 22922 20
3 0 100 10002 1048576 2000000000 24480 2
3 5 104 10003 1048576 2000000000 24484 38
0 2 101 10000 1048576 2000000000 25933 14
4 7 106 10004 1048576 2000000000 27316 53
5 7 106 10005 1048576 2000000000 27325 54
1 5 104 10001 1048576 2000000000 27515 36
0 1 100 10000 1048576 2000000000 27516 7
3 4 103 10003 1048576 2000000000 27518 31
2 5 104 10002 1048576 2000000000 27518 37
3 1 101 10002 1048576 2000000000 27520 9
7 1 101 10006 1048576 2000000000 27524 13
6 4 104 10005 1048576 2000000000 27527 33
6 5 105 10005 1048576 2000000000 27530 40
4 0 100 10003 1048576 2000000000 27718 3
4 2 102 10003 1048576 2000000000 27718 17
5 2 102 10004 1048576 2000000000 27722 18
6 2 102 10005 1048576 2000000000 27726 19
6 0 100 10005 1048576 2000000000 27726 5
5 0 100 10004 1048576 2000000000 27728 4
7 5 105 10006 1048576 2000000000 31482 41
7 4 104 10006 1048576 2000000000 31786 34
0 7 106 10000 1048576 2000000000 34036 49
0 4 103 10000 1048576 2000000000 34147 28
3 6 105 10003 1048576 2000000000 36352 45
4 6 105 10004 1048576 2000000000 36355 46
5 6 105 10005 1048576 2000000000 36358 47
0 6 105 10000 1048576 2000000000 36358 42
2 1 101 10001 1048576 2000000000 36955 8
4 1 101 10003 1048576 2000000000 36958 10
5 1 101 10004 1048576 2000000000 36961 11
6 1 101 10005 1048576 2000000000 36964 12
0 3 102 10000 1048576 2000000000 37158 21
4 3 103 10003 1048576 2000000000 37162 24
5 3 103 10004 1048576 2000000000 37166 25
7 3 103 10006 1048576 2000000000 37170 27
