3 2 100 10000 131072 2000000000 1332 0
5 4 100 10000 131072 2000000000 1332 0
6 5 100 10000 131072 2000000000 1536 0
2 1 100 10000 131072 2000000000 1738 0
1 0 100 10000 131072 2000000000 1738 0
7 6 100 10000 131072 2000000000 1738 0
0 7 100 10000 131072 2000000000 1940 0
4 3 100 10000 131072 2000000000 19192 0
0 7 101 10001 131072 2000021192 1332 1
6 5 101 10001 131072 2000021192 1332 1
1 0 101 10001 131072 2000021192 1332 1
2 1 101 10001 131072 2000021192 1536 1
4 3 101 10001 131072 2000021192 10738 1
3 2 101 10001 131072 2000021192 10910 1
5 4 101 10001 131072 2000021192 19190 1
7 6 101 10001 131072 2000021192 19192 1
0 7 102 10002 131072 2000042384 1332 2
3 2 102 10002 131072 2000042384 1536 2
6 5 102 10002 131072 2000042384 1536 2
5 4 102 10002 131072 2000042384 4982 2
4 3 102 10002 131072 2000042384 7476 2
7 6 102 10002 131072 2000042384 7918 2
2 1 102 10002 131072 2000042384 16770 2
1 0 102 10002 131072 2000042384 16822 2
5 4 103 10003 131072 2000061205 1333 3
6 5 103 10003 131072 2000061205 1537 3
7 6 103 10003 131072 2000061205 1537 3
4 3 103 10003 131072 2000061205 3091 3
1 0 103 10003 131072 2000061205 4029 3
3 2 103 10003 131072 2000061205 5013 3
2 1 103 10003 131072 2000061205 19193 3
0 7 103 10003 131072 2000061205 19193 3
3 2 104 10004 131072 2000082398 1332 4
0 7 104 10004 131072 2000082398 1332 4
6 5 104 10004 131072 2000082398 1332 4
4 3 104 10004 131072 2000082398 1332 4
1 0 104 10004 131072 2000082398 1332 4
2 1 104 10004 131072 2000082398 1536 4
5 4 104 10004 131072 2000082398 2544 4
7 6 104 10004 131072 2000082398 19192 4
5 4 105 10005 131072 2000103590 1332 5
3 2 105 10005 131072 2000103590 1332 5
1 0 105 10005 131072 2000103590 1332 5
6 5 105 10005 131072 2000103590 1536 5
7 6 105 10005 131072 2000103590 1738 5
4 3 105 10005 131072 2000103590 1802 5
0 7 105 10005 131072 2000103590 2914 5
2 1 105 10005 131072 2000103590 8730 5
4 3 106 10006 131072 2000114319 1333 6
6 5 106 10006 131072 2000114319 1333 6
3 2 106 10006 131072 2000114319 1333 6
2 1 106 10006 131072 2000114319 1537 6
5 4 106 10006 131072 2000114319 2101 6
1 0 106 10006 131072 2000114319 2611 6
7 6 106 10006 131072 2000114319 2635 6
0 7 106 10006 131072 2000114319 9699 6
7 6 107 10007 131072 2000126018 1332 7
3 2 107 10007 131072 2000126018 1332 7
6 5 107 10007 131072 2000126018 1332 7
2 1 107 10007 131072 2000126018 1536 7
4 3 107 10007 131072 2000126018 1748 7
5 4 107 10007 131072 2000126018 1922 7
0 7 107 10007 131072 2000126018 1992 7
1 0 107 10007 131072 2000126018 9696 7
7 6 108 10008 131072 2000137714 1332 8
4 3 108 10008 131072 2000137714 1332 8
6 5 108 10008 131072 2000137714 1332 8
5 4 108 10008 131072 2000137714 1520 8
1 0 108 10008 131072 2000137714 1536 8
0 7 108 10008 131072 2000137714 1786 8
3 2 108 10008 131072 2000137714 2114 8
2 1 108 10008 131072 2000137714 3820 8
3 2 109 10009 131072 2000143533 1521 9
5 4 109 10009 131072 2000143533 1523 9
7 6 109 10009 131072 2000143533 1537 9
2 1 109 10009 131072 2000143533 1537 9
1 0 109 10009 131072 2000143533 1537 9
0 7 109 10009 131072 2000143533 1667 9
6 5 109 10009 131072 2000143533 1723 9
4 3 109 10009 131072 2000143533 3401 9
2 1 110 10010 131072 2000148933 1333 10
4 3 110 10010 131072 2000148933 1521 10
0 7 110 10010 131072 2000148933 1533 10
3 2 110 10010 131072 2000148933 1537 10
7 6 110 10010 131072 2000148933 1585 10
5 4 110 10010 131072 2000148933 1721 10
6 5 110 10010 131072 2000148933 1721 10
1 0 110 10010 131072 2000148933 3051 10
4 3 111 10011 131072 2000153984 1332 11
7 6 111 10011 131072 2000153984 1332 11
2 1 111 10011 131072 2000153984 1536 11
6 5 111 10011 131072 2000153984 1536 11
5 4 111 10011 131072 2000153984 1782 11
1 0 111 10011 131072 2000153984 1950 11
3 2 111 10011 131072 2000153984 2232 11
0 7 111 10011 131072 2000153984 5874 11
6 5 112 10012 131072 2000161857 1333 12
0 7 112 10012 131072 2000161857 1333 12
2 1 112 10012 131072 2000161857 1521 12
1 0 112 10012 131072 2000161857 1521 12
3 2 112 10012 131072 2000161857 1523 12
7 6 112 10012 131072 2000161857 1537 12
4 3 112 10012 131072 2000161857 1561 12
5 4 112 10012 131072 2000161857 1721 12
1 0 113 10013 131072 2000165577 1333 13
6 5 113 10013 131072 2000165577 1333 13
4 3 113 10013 131072 2000165577 1521 13
3 2 113 10013 131072 2000165577 1521 13
2 1 113 10013 131072 2000165577 1521 13
5 4 113 10013 131072 2000165577 1523 13
0 7 113 10013 131072 2000165577 1723 13
7 6 113 10013 131072 2000165577 1723 13
