1 2 101 10001 16777216 2000000000 145239 15
3 7 106 10003 16777216 2000000000 146653 52
2 6 105 10002 16777216 2000000000 170479 44
5 4 104 10004 16777216 2000000000 201327 32
1 3 102 10001 16777216 2000000000 228305 22
1 7 106 10001 16777216 2000000000 228869 50
6 3 103 10005 16777216 2000000000 241649 26
7 0 100 10006 16777216 2000000000 290676 6
1 0 100 10000 16777216 2000000000 290717 0
0 5 104 10000 16777216 2000000000 291281 35
2 7 106 10002 16777216 2000000000 291885 51
6 7 106 10006 16777216 2000000000 291890 55
1 4 103 10001 16777216 2000000000 292689 29
1 6 105 10001 16777216 2000000000 292893 43
7 6 106 10006 16777216 2000000000 292901 48
2 0 100 10001 16777216 2000000000 293499 1
4 5 104 10004 16777216 2000000000 313025 39
3 2 102 10002 16777216 2000000000 313469 16
2 4 103 10002 16777216 2000000000 324617 30
2 3 102 10002 16777216 2000000000 325632 23
7 2 102 10006 16777216 2000000000 356189 20
3 5 104 10003 16777216 2000000000 384819 38
3 0 100 10002 16777216 2000000000 386662 2
0 2 101 10000 16777216 2000000000 410345 14
4 7 106 10004 16777216 2000000000 436110 53
5 7 106 10005 16777216 2000000000 436117 54
4 2 102 10003 16777216 2000000000 436709 17
5 2 102 10004 16777216 2000000000 436716 18
6 2 102 10005 16777216 2000000000 436723 19
1 5 104 10001 16777216 2000000000 437515 36
2 5 104 10002 16777216 2000000000 437522 37
6 5 105 10005 16777216 2000000000 437529 40
0 1 100 10000 16777216 2000000000 438131 7
3 1 101 10002 16777216 2000000000 438138 9
7 1 101 10006 16777216 2000000000 438145 13
4 0 100 10003 16777216 2000000000 439131 3
5 0 100 10004 16777216 2000000000 439138 4
6 0 100 10005 16777216 2000000000 439145 5
3 4 103 10003 16777216 2000000000 439955 31
6 4 104 10005 16777216 2000000000 439955 33
7 5 105 10006 16777216 2000000000 505896 41
7 4 104 10006 16777216 2000000000 506359 34
0 7 106 10000 16777216 2000000000 540936 49
0 4 103 10000 16777216 2000000000 543175 28
0 6 105 10000 16777216 2000000000 583165 42
3 6 105 10003 16777216 2000000000 583172 45
4 6 105 10004 16777216 2000000000 583179 46
5 6 105 10005 16777216 2000000000 583186 47
2 1 101 10001 16777216 2000000000 583353 8
4 1 101 10003 16777216 2000000000 583360 10
5 1 101 10004 16777216 2000000000 583367 11
6 1 101 10005 16777216 2000000000 583374 12
0 3 102 10000 16777216 2000000000 585573 21
4 3 103 10003 16777216 2000000000 585580 24
5 3 103 10004 16777216 2000000000 585587 25
7 3 103 10006 16777216 2000000000 585594 27
