1 0 100 10000 2097152 2000000000 18281 0
6 5 100 10000 2097152 2000000000 18281 0
7 6 100 10000 2097152 2000000000 18281 0
3 2 100 10000 2097152 2000000000 18485 0
0 7 100 10000 2097152 2000000000 18485 0
5 4 100 10000 2097152 2000000000 18485 0
2 1 100 10000 2097152 2000000000 18687 0
4 3 100 10000 2097152 2000000000 304421 0
6 5 101 10001 2097152 2000306421 18281 1
0 7 101 10001 2097152 2000306421 18281 1
2 1 101 10001 2097152 2000306421 18485 1
1 0 101 10001 2097152 2000306421 18687 1
4 3 101 10001 2097152 2000306421 110183 1
5 4 101 10001 2097152 2000306421 152323 1
7 6 101 10001 2097152 2000306421 182645 1
3 2 101 10001 2097152 2000306421 238569 1
0 7 102 10002 2097152 2000546990 18281 2
6 5 102 10002 2097152 2000546990 18485 2
3 2 102 10002 2097152 2000546990 18889 2
5 4 102 10002 2097152 2000546990 21792 2
7 6 102 10002 2097152 2000546990 38500 2
4 3 102 10002 2097152 2000546990 152315 2
2 1 102 10002 2097152 2000546990 272723 2
1 0 102 10002 2097152 2000546990 272909 2
7 6 103 10003 2097152 2000821899 18281 3
6 5 103 10003 2097152 2000821899 18485 3
5 4 103 10003 2097152 2000821899 18687 3
4 3 103 10003 2097152 2000821899 24344 3
1 0 103 10003 2097152 2000821899 40817 3
3 2 103 10003 2097152 2000821899 42923 3
2 1 103 10003 2097152 2000821899 114959 3
0 7 103 10003 2097152 2000821899 222209 3
1 0 104 10004 2097152 2001046108 18281 4
3 2 104 10004 2097152 2001046108 18281 4
4 3 104 10004 2097152 2001046108 18281 4
2 1 104 10004 2097152 2001046108 18281 4
0 7 104 10004 2097152 2001046108 18485 4
6 5 104 10004 2097152 2001046108 18687 4
5 4 104 10004 2097152 2001046108 101617 4
7 6 104 10004 2097152 2001046108 186467 4
7 6 105 10005 2097152 2001234574 18282 5
1 0 105 10005 2097152 2001234574 18486 5
5 4 105 10005 2097152 2001234574 18486 5
6 5 105 10005 2097152 2001234574 18688 5
3 2 105 10005 2097152 2001234574 18688 5
4 3 105 10005 2097152 2001234574 26049 5
0 7 105 10005 2097152 2001234574 27879 5
2 1 105 10005 2097152 2001234574 61472 5
6 5 106 10006 2097152 2001298046 18281 6
2 1 106 10006 2097152 2001298046 18485 6
3 2 106 10006 2097152 2001298046 18485 6
4 3 106 10006 2097152 2001298046 19091 6
1 0 106 10006 2097152 2001298046 21687 6
7 6 106 10006 2097152 2001298046 27647 6
5 4 106 10006 2097152 2001298046 34549 6
0 7 106 10006 2097152 2001298046 60635 6
3 2 107 10007 2097152 2001360681 18281 7
6 5 107 10007 2097152 2001360681 18281 7
7 6 107 10007 2097152 2001360681 18281 7
2 1 107 10007 2097152 2001360681 18485 7
0 7 107 10007 2097152 2001360681 21494 7
5 4 107 10007 2097152 2001360681 21946 7
4 3 107 10007 2097152 2001360681 23616 7
1 0 107 10007 2097152 2001360681 25148 7
4 3 108 10008 2097152 2001387829 18281 8
1 0 108 10008 2097152 2001387829 18485 8
7 6 108 10008 2097152 2001387829 18485 8
6 5 108 10008 2097152 2001387829 18687 8
2 1 108 10008 2097152 2001387829 21494 8
3 2 108 10008 2097152 2001387829 21570 8
0 7 108 10008 2097152 2001387829 21606 8
5 4 108 10008 2097152 2001387829 22004 8
2 1 109 10009 2097152 2001411833 18281 9
7 6 109 10009 2097152 2001411833 18281 9
1 0 109 10009 2097152 2001411833 18281 9
6 5 109 10009 2097152 2001411833 21494 9
0 7 109 10009 2097152 2001411833 21498 9
3 2 109 10009 2097152 2001411833 21936 9
5 4 109 10009 2097152 2001411833 22130 9
4 3 109 10009 2097152 2001411833 101613 9
2 1 110 10010 2097152 2001515446 18485 10
3 2 110 10010 2097152 2001515446 18485 10
1 0 110 10010 2097152 2001515446 21293 10
5 4 110 10010 2097152 2001515446 21495 10
7 6 110 10010 2097152 2001515446 21495 10
6 5 110 10010 2097152 2001515446 21495 10
4 3 110 10010 2097152 2001515446 21505 10
0 7 110 10010 2097152 2001515446 21691 10
2 1 111 10011 2097152 2001539137 18281 11
4 3 111 10011 2097152 2001539137 18281 11
6 5 111 10011 2097152 2001539137 18281 11
7 6 111 10011 2097152 2001539137 18687 11
1 0 111 10011 2097152 2001539137 22304 11
3 2 111 10011 2097152 2001539137 22339 11
0 7 111 10011 2097152 2001539137 33990 11
5 4 111 10011 2097152 2001539137 44781 11
6 5 112 10012 2097152 2001585918 18281 12
0 7 112 10012 2097152 2001585918 18281 12
7 6 112 10012 2097152 2001585918 19091 12
5 4 112 10012 2097152 2001585918 21493 12
4 3 112 10012 2097152 2001585918 21496 12
3 2 112 10012 2097152 2001585918 21663 12
2 1 112 10012 2097152 2001585918 21855 12
1 0 112 10012 2097152 2001585918 21873 12
1 0 113 10013 2097152 2001609791 18485 13
6 5 113 10013 2097152 2001609791 18485 13
4 3 113 10013 2097152 2001609791 21414 13
7 6 113 10013 2097152 2001609791 21495 13
5 4 113 10013 2097152 2001609791 21496 13
0 7 113 10013 2097152 2001609791 21497 13
3 2 113 10013 2097152 2001609791 21610 13
2 1 113 10013 2097152 2001609791 21810 13
