1 2 101 10001 4194304 2000000000 36360 15
3 7 106 10003 4194304 2000000000 36564 52
2 6 105 10002 4194304 2000000000 42928 44
5 4 104 10004 4194304 2000000000 50674 32
1 3 102 10001 4194304 2000000000 57168 22
1 7 106 10001 4194304 2000000000 57528 50
6 3 103 10005 4194304 2000000000 60600 26
0 5 104 10000 4194304 2000000000 72920 35
1 0 100 10000 4194304 2000000000 73124 0
7 0 100 10006 4194304 2000000000 73124 6
6 7 106 10006 4194304 2000000000 73328 55
2 7 106 10002 4194304 2000000000 73428 51
1 4 103 10001 4194304 2000000000 73526 29
1 6 105 10001 4194304 2000000000 73884 43
7 6 106 10006 4194304 2000000000 73886 48
2 0 100 10001 4194304 2000000000 74134 1
4 5 104 10004 4194304 2000000000 78132 39
3 2 102 10002 4194304 2000000000 78540 16
2 3 102 10002 4194304 2000000000 81456 23
2 4 103 10002 4194304 2000000000 81458 30
7 2 102 10006 4194304 2000000000 90096 20
3 5 104 10003 4194304 2000000000 96202 38
3 0 100 10002 4194304 2000000000 97212 2
0 2 101 10000 4194304 2000000000 102720 14
0 1 100 10000 4194304 2000000000 109076 7
3 1 101 10002 4194304 2000000000 109078 9
7 1 101 10006 4194304 2000000000 109080 13
1 5 104 10001 4194304 2000000000 109278 36
2 5 104 10002 4194304 2000000000 109280 37
4 7 106 10004 4194304 2000000000 109280 53
6 5 105 10005 4194304 2000000000 109290 40
5 7 106 10005 4194304 2000000000 109290 54
4 2 102 10003 4194304 2000000000 109884 17
5 2 102 10004 4194304 2000000000 109886 18
6 2 102 10005 4194304 2000000000 109888 19
4 0 100 10003 4194304 2000000000 110288 3
3 4 103 10003 4194304 2000000000 110290 31
6 4 104 10005 4194304 2000000000 110292 33
6 0 100 10005 4194304 2000000000 110296 5
5 0 100 10004 4194304 2000000000 110298 4
7 5 105 10006 4194304 2000000000 126194 41
7 4 104 10006 4194304 2000000000 126784 34
0 7 106 10000 4194304 2000000000 135506 49
0 4 103 10000 4194304 2000000000 136096 28
0 6 105 10000 4194304 2000000000 145636 42
3 6 105 10003 4194304 2000000000 145638 45
4 6 105 10004 4194304 2000000000 145640 46
5 6 105 10005 4194304 2000000000 145642 47
2 1 101 10001 4194304 2000000000 146444 8
4 1 101 10003 4194304 2000000000 146446 10
5 1 101 10004 4194304 2000000000 146448 11
6 1 101 10005 4194304 2000000000 146450 12
0 3 102 10000 4194304 2000000000 146646 21
4 3 103 10003 4194304 2000000000 146648 24
5 3 103 10004 4194304 2000000000 146650 25
7 3 103 10006 4194304 2000000000 146652 27
