1 2 101 10001 4194304 2000000000 36360 15
3 7 106 10003 4194304 2000000000 36360 52
2 6 105 10002 4194304 2000000000 42928 44
5 4 104 10004 4194304 2000000000 51130 32
1 3 102 10001 4194304 2000000000 57636 22
1 7 106 10001 4194304 2000000000 57732 50
6 3 103 10005 4194304 2000000000 60456 26
7 6 106 10006 4194304 2000000000 72526 48
6 7 106 10006 4194304 2000000000 72528 55
1 6 105 10001 4194304 2000000000 72602 43
1 4 103 10001 4194304 2000000000 72602 29
2 7 106 10002 4194304 2000000000 72606 51
0 5 104 10000 4194304 2000000000 72718 35
1 0 100 10000 4194304 2000000000 72720 0
7 0 100 10006 4194304 2000000000 72720 6
2 0 100 10001 4194304 2000000000 73122 1
4 5 104 10004 4194304 2000000000 78492 39
3 2 102 10002 4194304 2000000000 78684 16
2 3 102 10002 4194304 2000000000 81564 23
2 4 103 10002 4194304 2000000000 81566 30
7 2 102 10006 4194304 2000000000 90000 20
3 5 104 10003 4194304 2000000000 96432 38
3 0 100 10002 4194304 2000000000 96770 2
0 2 101 10000 4194304 2000000000 102852 14
1 5 104 10001 4194304 2000000000 108672 36
2 5 104 10002 4194304 2000000000 108674 37
4 7 106 10004 4194304 2000000000 108674 53
6 5 105 10005 4194304 2000000000 108676 40
5 7 106 10005 4194304 2000000000 108684 54
4 0 100 10003 4194304 2000000000 108874 3
0 1 100 10000 4194304 2000000000 108874 7
5 0 100 10004 4194304 2000000000 108876 4
3 1 101 10002 4194304 2000000000 108876 9
3 4 103 10003 4194304 2000000000 108876 31
6 0 100 10005 4194304 2000000000 108878 5
7 1 101 10006 4194304 2000000000 108878 13
6 4 104 10005 4194304 2000000000 108878 33
4 2 102 10003 4194304 2000000000 109076 17
5 2 102 10004 4194304 2000000000 109078 18
6 2 102 10005 4194304 2000000000 109080 19
7 4 104 10006 4194304 2000000000 126746 34
7 5 105 10006 4194304 2000000000 126748 41
0 7 106 10000 4194304 2000000000 135734 49
0 4 103 10000 4194304 2000000000 135844 28
0 3 102 10000 4194304 2000000000 144828 21
4 3 103 10003 4194304 2000000000 144830 24
3 6 105 10003 4194304 2000000000 144830 45
5 3 103 10004 4194304 2000000000 144832 25
4 6 105 10004 4194304 2000000000 144832 46
5 6 105 10005 4194304 2000000000 144834 47
7 3 103 10006 4194304 2000000000 144834 27
0 6 105 10000 4194304 2000000000 144834 42
2 1 101 10001 4194304 2000000000 145030 8
4 1 101 10003 4194304 2000000000 145032 10
5 1 101 10004 4194304 2000000000 145034 11
6 1 101 10005 4194304 2000000000 145036 12
