3 7 106 10003 16777216 2000000000 145037 52
1 2 101 10001 16777216 2000000000 145037 15
2 6 105 10002 16777216 2000000000 169479 44
5 4 104 10004 16777216 2000000000 202107 32
1 7 106 10001 16777216 2000000000 229385 50
1 3 102 10001 16777216 2000000000 229385 22
6 3 103 10005 16777216 2000000000 241121 26
7 6 106 10006 16777216 2000000000 289467 48
1 6 105 10001 16777216 2000000000 289548 43
6 7 106 10006 16777216 2000000000 289666 55
7 0 100 10006 16777216 2000000000 289667 6
1 0 100 10000 16777216 2000000000 289669 0
2 7 106 10002 16777216 2000000000 289755 51
1 4 103 10001 16777216 2000000000 289861 29
0 5 104 10000 16777216 2000000000 289863 35
2 0 100 10001 16777216 2000000000 290265 1
3 2 102 10002 16777216 2000000000 313709 16
4 5 104 10004 16777216 2000000000 313805 39
2 4 103 10002 16777216 2000000000 325373 30
2 3 102 10002 16777216 2000000000 325632 23
7 2 102 10006 16777216 2000000000 356345 20
3 5 104 10003 16777216 2000000000 385757 38
3 0 100 10002 16777216 2000000000 386100 2
0 2 101 10000 16777216 2000000000 410249 14
4 7 106 10004 16777216 2000000000 434091 53
5 7 106 10005 16777216 2000000000 434103 54
4 0 100 10003 16777216 2000000000 434283 3
5 0 100 10004 16777216 2000000000 434290 4
6 0 100 10005 16777216 2000000000 434297 5
0 1 100 10000 16777216 2000000000 434485 7
3 1 101 10002 16777216 2000000000 434492 9
3 4 103 10003 16777216 2000000000 434492 31
7 1 101 10006 16777216 2000000000 434499 13
6 4 104 10005 16777216 2000000000 434507 33
1 5 104 10001 16777216 2000000000 434687 36
2 5 104 10002 16777216 2000000000 434694 37
6 5 105 10005 16777216 2000000000 434701 40
4 2 102 10003 16777216 2000000000 434889 17
5 2 102 10004 16777216 2000000000 434896 18
6 2 102 10005 16777216 2000000000 434903 19
7 4 104 10006 16777216 2000000000 506352 34
7 5 105 10006 16777216 2000000000 506503 41
0 7 106 10000 16777216 2000000000 542328 49
0 4 103 10000 16777216 2000000000 542563 28
0 3 102 10000 16777216 2000000000 579109 21
0 6 105 10000 16777216 2000000000 579111 42
4 3 103 10003 16777216 2000000000 579116 24
3 6 105 10003 16777216 2000000000 579118 45
5 3 103 10004 16777216 2000000000 579123 25
4 6 105 10004 16777216 2000000000 579125 46
7 3 103 10006 16777216 2000000000 579130 27
5 6 105 10005 16777216 2000000000 579132 47
2 1 101 10001 16777216 2000000000 579311 8
4 1 101 10003 16777216 2000000000 579318 10
5 1 101 10004 16777216 2000000000 579325 11
6 1 101 10005 16777216 2000000000 579332 12
