1 0 100 10000 524288 2000000000 4721 0
2 1 100 10000 524288 2000000000 4721 0
3 2 100 10000 524288 2000000000 4721 0
5 4 100 10000 524288 2000000000 4721 0
6 5 100 10000 524288 2000000000 4721 0
7 6 100 10000 524288 2000000000 4721 0
0 7 100 10000 524288 2000000000 4721 0
4 3 100 10000 524288 2000000000 76162 0
0 7 101 10001 524288 2000078162 4721 1
1 0 101 10001 524288 2000078162 4721 1
2 1 101 10001 524288 2000078162 4721 1
6 5 101 10001 524288 2000078162 4925 1
5 4 101 10001 524288 2000078162 38192 1
3 2 101 10001 524288 2000078162 76162 1
7 6 101 10001 524288 2000078162 76162 1
4 3 101 10001 524288 2000078162 76164 1
6 5 102 10002 524288 2000156326 4721 2
0 7 102 10002 524288 2000156326 4721 2
3 2 102 10002 524288 2000156326 4721 2
4 3 102 10002 524288 2000156326 38186 2
7 6 102 10002 524288 2000156326 38188 2
5 4 102 10002 524288 2000156326 38192 2
1 0 102 10002 524288 2000156326 76162 2
2 1 102 10002 524288 2000156326 76164 2
6 5 103 10003 524288 2000234490 4721 3
7 6 103 10003 524288 2000234490 4721 3
5 4 103 10003 524288 2000234490 4721 3
4 3 103 10003 524288 2000234490 25656 3
1 0 103 10003 524288 2000234490 38188 3
3 2 103 10003 524288 2000234490 38192 3
2 1 103 10003 524288 2000234490 76162 3
0 7 103 10003 524288 2000234490 76162 3
0 7 104 10004 524288 2000312651 4722 4
6 5 104 10004 524288 2000312651 4722 4
4 3 104 10004 524288 2000312651 4722 4
2 1 104 10004 524288 2000312651 4722 4
1 0 104 10004 524288 2000312651 4722 4
3 2 104 10004 524288 2000312651 4926 4
5 4 104 10004 524288 2000312651 25515 4
7 6 104 10004 524288 2000312651 76163 4
7 6 105 10005 524288 2000390814 4721 5
3 2 105 10005 524288 2000390814 4721 5
1 0 105 10005 524288 2000390814 4721 5
5 4 105 10005 524288 2000390814 4721 5
6 5 105 10005 524288 2000390814 4721 5
4 3 105 10005 524288 2000390814 25508 5
0 7 105 10005 524288 2000390814 25540 5
2 1 105 10005 524288 2000390814 38186 5
6 5 106 10006 524288 2000430999 4722 6
4 3 106 10006 524288 2000430999 4722 6
3 2 106 10006 524288 2000430999 4722 6
2 1 106 10006 524288 2000430999 4926 6
1 0 106 10006 524288 2000430999 19199 6
5 4 106 10006 524288 2000430999 19199 6
7 6 106 10006 524288 2000430999 25553 6
0 7 106 10006 524288 2000430999 38187 6
3 2 107 10007 524288 2000471186 4721 7
6 5 107 10007 524288 2000471186 4721 7
7 6 107 10007 524288 2000471186 4721 7
2 1 107 10007 524288 2000471186 4721 7
4 3 107 10007 524288 2000471186 19198 7
0 7 107 10007 524288 2000471186 19198 7
5 4 107 10007 524288 2000471186 19200 7
1 0 107 10007 524288 2000471186 25480 7
7 6 108 10008 524288 2000498666 4721 8
4 3 108 10008 524288 2000498666 4721 8
6 5 108 10008 524288 2000498666 4721 8
1 0 108 10008 524288 2000498666 4721 8
5 4 108 10008 524288 2000498666 15398 8
0 7 108 10008 524288 2000498666 15428 8
3 2 108 10008 524288 2000498666 15542 8
2 1 108 10008 524288 2000498666 19204 8
2 1 109 10009 524288 2000519870 4721 9
7 6 109 10009 524288 2000519870 4721 9
1 0 109 10009 524288 2000519870 4721 9
5 4 109 10009 524288 2000519870 11120 9
0 7 109 10009 524288 2000519870 12856 9
6 5 109 10009 524288 2000519870 15420 9
3 2 109 10009 524288 2000519870 15512 9
4 3 109 10009 524288 2000519870 25494 9
3 2 110 10010 524288 2000547364 4721 10
2 1 110 10010 524288 2000547364 4721 10
0 7 110 10010 524288 2000547364 6692 10
7 6 110 10010 524288 2000547364 7926 10
5 4 110 10010 524288 2000547364 8710 10
6 5 110 10010 524288 2000547364 9704 10
4 3 110 10010 524288 2000547364 12790 10
1 0 110 10010 524288 2000547364 19198 10
4 3 111 10011 524288 2000568562 4721 11
2 1 111 10011 524288 2000568562 4721 11
7 6 111 10011 524288 2000568562 4721 11
6 5 111 10011 524288 2000568562 4721 11
1 0 111 10011 524288 2000568562 11122 11
5 4 111 10011 524288 2000568562 19206 11
0 7 111 10011 524288 2000568562 25476 11
3 2 111 10011 524288 2000568562 25492 11
7 6 112 10012 524288 2000596053 4722 12
6 5 112 10012 524288 2000596053 4722 12
0 7 112 10012 524288 2000596053 4722 12
1 0 112 10012 524288 2000596053 6063 12
3 2 112 10012 524288 2000596053 6159 12
2 1 112 10012 524288 2000596053 9705 12
5 4 112 10012 524288 2000596053 9705 12
4 3 112 10012 524288 2000596053 19205 12
1 0 113 10013 524288 2000617258 4721 13
6 5 113 10013 524288 2000617258 4721 13
2 1 113 10013 524288 2000617258 5634 13
0 7 113 10013 524288 2000617258 5672 13
3 2 113 10013 524288 2000617258 5778 13
4 3 113 10013 524288 2000617258 5884 13
7 6 113 10013 524288 2000617258 7802 13
5 4 113 10013 524288 2000617258 8676 13
