1 0 100 10000 524288 2000000000 4721 0
3 2 100 10000 524288 2000000000 4721 0
6 5 100 10000 524288 2000000000 4721 0
7 6 100 10000 524288 2000000000 4721 0
0 7 100 10000 524288 2000000000 4721 0
5 4 100 10000 524288 2000000000 4925 0
2 1 100 10000 524288 2000000000 4925 0
4 3 100 10000 524288 2000000000 76162 0
0 7 101 10001 524288 2000078162 4721 1
1 0 101 10001 524288 2000078162 4721 1
6 5 101 10001 524288 2000078162 4925 1
2 1 101 10001 524288 2000078162 4925 1
5 4 101 10001 524288 2000078162 38192 1
4 3 101 10001 524288 2000078162 66064 1
3 2 101 10001 524288 2000078162 76162 1
7 6 101 10001 524288 2000078162 76162 1
0 7 102 10002 524288 2000156324 4721 2
3 2 102 10002 524288 2000156324 4721 2
6 5 102 10002 524288 2000156324 4925 2
5 4 102 10002 524288 2000156324 12858 2
7 6 102 10002 524288 2000156324 25708 2
4 3 102 10002 524288 2000156324 38186 2
1 0 102 10002 524288 2000156324 76162 2
2 1 102 10002 524288 2000156324 76164 2
6 5 103 10003 524288 2000234487 4722 3
7 6 103 10003 524288 2000234487 4722 3
5 4 103 10003 524288 2000234487 4722 3
4 3 103 10003 524288 2000234487 17027 3
3 2 103 10003 524288 2000234487 28741 3
1 0 103 10003 524288 2000234487 38189 3
2 1 103 10003 524288 2000234487 38821 3
0 7 103 10003 524288 2000234487 76163 3
1 0 104 10004 524288 2000312650 4721 4
3 2 104 10004 524288 2000312650 4721 4
0 7 104 10004 524288 2000312650 4721 4
6 5 104 10004 524288 2000312650 4721 4
4 3 104 10004 524288 2000312650 4721 4
2 1 104 10004 524288 2000312650 4721 4
5 4 104 10004 524288 2000312650 25514 4
7 6 104 10004 524288 2000312650 76162 4
3 2 105 10005 524288 2000390812 4721 5
1 0 105 10005 524288 2000390812 4721 5
5 4 105 10005 524288 2000390812 4721 5
6 5 105 10005 524288 2000390812 4721 5
7 6 105 10005 524288 2000390812 4925 5
4 3 105 10005 524288 2000390812 11098 5
0 7 105 10005 524288 2000390812 12906 5
2 1 105 10005 524288 2000390812 19198 5
2 1 106 10006 524288 2000412009 4722 6
6 5 106 10006 524288 2000412009 4722 6
4 3 106 10006 524288 2000412009 4722 6
3 2 106 10006 524288 2000412009 4722 6
7 6 106 10006 524288 2000412009 9383 6
1 0 106 10006 524288 2000412009 12865 6
5 4 106 10006 524288 2000412009 19199 6
0 7 106 10006 524288 2000412009 38195 6
3 2 107 10007 524288 2000452204 4721 7
6 5 107 10007 524288 2000452204 4721 7
7 6 107 10007 524288 2000452204 4721 7
2 1 107 10007 524288 2000452204 4721 7
0 7 107 10007 524288 2000452204 6532 7
4 3 107 10007 524288 2000452204 9704 7
5 4 107 10007 524288 2000452204 9706 7
1 0 107 10007 524288 2000452204 25640 7
1 0 108 10008 524288 2000479844 4721 8
7 6 108 10008 524288 2000479844 4721 8
4 3 108 10008 524288 2000479844 4721 8
6 5 108 10008 524288 2000479844 4721 8
0 7 108 10008 524288 2000479844 5474 8
5 4 108 10008 524288 2000479844 7658 8
3 2 108 10008 524288 2000479844 8716 8
2 1 108 10008 524288 2000479844 19204 8
2 1 109 10009 524288 2000501047 4722 9
1 0 109 10009 524288 2000501047 4722 9
7 6 109 10009 524288 2000501047 4926 9
6 5 109 10009 524288 2000501047 5475 9
0 7 109 10009 524288 2000501047 5475 9
3 2 109 10009 524288 2000501047 10631 9
5 4 109 10009 524288 2000501047 11121 9
4 3 109 10009 524288 2000501047 25515 9
2 1 110 10010 524288 2000528562 4721 10
3 2 110 10010 524288 2000528562 4925 10
0 7 110 10010 524288 2000528562 5486 10
4 3 110 10010 524288 2000528562 5636 10
7 6 110 10010 524288 2000528562 5670 10
5 4 110 10010 524288 2000528562 5684 10
1 0 110 10010 524288 2000528562 10198 10
6 5 110 10010 524288 2000528562 11034 10
2 1 111 10011 524288 2000541596 4721 11
7 6 111 10011 524288 2000541596 4721 11
6 5 111 10011 524288 2000541596 4721 11
4 3 111 10011 524288 2000541596 4925 11
1 0 111 10011 524288 2000541596 8676 11
3 2 111 10011 524288 2000541596 15374 11
5 4 111 10011 524288 2000541596 19198 11
0 7 111 10011 524288 2000541596 38184 11
7 6 112 10012 524288 2000581780 4721 12
6 5 112 10012 524288 2000581780 4925 12
0 7 112 10012 524288 2000581780 4925 12
1 0 112 10012 524288 2000581780 5474 12
3 2 112 10012 524288 2000581780 5594 12
5 4 112 10012 524288 2000581780 5676 12
2 1 112 10012 524288 2000581780 6884 12
4 3 112 10012 524288 2000581780 12904 12
1 0 113 10013 524288 2000596684 4721 13
6 5 113 10013 524288 2000596684 4721 13
5 4 113 10013 524288 2000596684 5474 13
2 1 113 10013 524288 2000596684 5474 13
3 2 113 10013 524288 2000596684 5594 13
0 7 113 10013 524288 2000596684 5620 13
4 3 113 10013 524288 2000596684 5644 13
7 6 113 10013 524288 2000596684 9704 13
