1 2 101 10001 1048576 2000000000 9241 15
3 7 106 10003 1048576 2000000000 9241 52
2 6 105 10002 1048576 2000000000 11090 44
5 4 104 10004 1048576 2000000000 13164 32
1 7 106 10001 1048576 2000000000 14630 50
1 3 102 10001 1048576 2000000000 14702 22
6 3 103 10005 1048576 2000000000 15265 26
1 0 100 10000 1048576 2000000000 18277 0
2 0 100 10001 1048576 2000000000 18278 1
7 0 100 10006 1048576 2000000000 18280 6
2 7 106 10002 1048576 2000000000 18282 51
7 6 106 10006 1048576 2000000000 18290 48
6 7 106 10006 1048576 2000000000 18290 55
0 5 104 10000 1048576 2000000000 18290 35
1 4 103 10001 1048576 2000000000 18366 29
1 6 105 10001 1048576 2000000000 18366 43
3 2 102 10002 1048576 2000000000 19801 16
4 5 104 10004 1048576 2000000000 19802 39
2 3 102 10002 1048576 2000000000 20545 23
2 4 103 10002 1048576 2000000000 20548 30
7 2 102 10006 1048576 2000000000 23066 20
3 0 100 10002 1048576 2000000000 24314 2
3 5 104 10003 1048576 2000000000 24318 38
0 2 101 10000 1048576 2000000000 25813 14
1 5 104 10001 1048576 2000000000 27313 36
4 0 100 10003 1048576 2000000000 27314 3
0 1 100 10000 1048576 2000000000 27314 7
4 2 102 10003 1048576 2000000000 27314 17
3 4 103 10003 1048576 2000000000 27316 31
2 5 104 10002 1048576 2000000000 27316 37
4 7 106 10004 1048576 2000000000 27316 53
5 0 100 10004 1048576 2000000000 27318 4
5 2 102 10004 1048576 2000000000 27318 18
6 0 100 10005 1048576 2000000000 27322 5
7 1 101 10006 1048576 2000000000 27322 13
6 2 102 10005 1048576 2000000000 27322 19
6 4 104 10005 1048576 2000000000 27325 33
5 7 106 10005 1048576 2000000000 27325 54
6 5 105 10005 1048576 2000000000 27328 40
3 1 101 10002 1048576 2000000000 27334 9
7 4 104 10006 1048576 2000000000 31830 34
7 5 105 10006 1048576 2000000000 31834 41
0 4 103 10000 1048576 2000000000 34096 28
0 7 106 10000 1048576 2000000000 34099 49
2 1 101 10001 1048576 2000000000 36349 8
0 3 102 10000 1048576 2000000000 36350 21
4 1 101 10003 1048576 2000000000 36352 10
3 6 105 10003 1048576 2000000000 36352 45
4 3 103 10003 1048576 2000000000 36354 24
5 1 101 10004 1048576 2000000000 36355 11
4 6 105 10004 1048576 2000000000 36355 46
5 3 103 10004 1048576 2000000000 36358 25
6 1 101 10005 1048576 2000000000 36358 12
5 6 105 10005 1048576 2000000000 36358 47
0 6 105 10000 1048576 2000000000 36358 42
7 3 103 10006 1048576 2000000000 36362 27
