1 2 101 10001 16777216 2000000000 157175 15
3 7 106 10003 16777216 2000000000 161613 52
2 6 105 10002 16777216 2000000000 181689 44
5 4 104 10004 16777216 2000000000 201475 32
1 3 102 10001 16777216 2000000000 226925 22
1 7 106 10001 16777216 2000000000 226997 50
6 3 103 10005 16777216 2000000000 242345 26
6 7 106 10006 16777216 2000000000 312932 55
2 7 106 10002 16777216 2000000000 313009 51
4 5 104 10004 16777216 2000000000 314735 39
3 2 102 10002 16777216 2000000000 315579 16
0 5 104 10000 16777216 2000000000 315817 35
7 0 100 10006 16777216 2000000000 316156 6
1 0 100 10000 16777216 2000000000 316175 0
1 4 103 10001 16777216 2000000000 317415 29
1 6 105 10001 16777216 2000000000 317941 43
7 6 106 10006 16777216 2000000000 317953 48
2 0 100 10001 16777216 2000000000 317963 1
2 3 102 10002 16777216 2000000000 322913 23
2 4 103 10002 16777216 2000000000 325728 30
7 2 102 10006 16777216 2000000000 354341 20
3 5 104 10003 16777216 2000000000 385551 38
3 0 100 10002 16777216 2000000000 387130 2
0 2 101 10000 16777216 2000000000 409059 14
4 2 102 10003 16777216 2000000000 467449 17
5 2 102 10004 16777216 2000000000 467456 18
6 2 102 10005 16777216 2000000000 467463 19
4 0 100 10003 16777216 2000000000 470073 3
5 0 100 10004 16777216 2000000000 470080 4
6 0 100 10005 16777216 2000000000 470087 5
1 5 104 10001 16777216 2000000000 471895 36
2 5 104 10002 16777216 2000000000 471902 37
6 5 105 10005 16777216 2000000000 471909 40
0 1 100 10000 16777216 2000000000 472943 7
3 1 101 10002 16777216 2000000000 472950 9
7 1 101 10006 16777216 2000000000 472957 13
4 7 106 10004 16777216 2000000000 473303 53
5 7 106 10005 16777216 2000000000 473313 54
6 4 104 10005 16777216 2000000000 476779 33
3 4 103 10003 16777216 2000000000 476831 31
7 5 105 10006 16777216 2000000000 504360 41
7 4 104 10006 16777216 2000000000 506983 34
0 7 106 10000 16777216 2000000000 541294 49
0 4 103 10000 16777216 2000000000 543293 28
0 3 102 10000 16777216 2000000000 628719 21
4 3 103 10003 16777216 2000000000 628726 24
5 3 103 10004 16777216 2000000000 628733 25
7 3 103 10006 16777216 2000000000 628740 27
0 6 105 10000 16777216 2000000000 634821 42
3 6 105 10003 16777216 2000000000 634828 45
4 6 105 10004 16777216 2000000000 634835 46
5 6 105 10005 16777216 2000000000 634842 47
2 1 101 10001 16777216 2000000000 638551 8
4 1 101 10003 16777216 2000000000 638558 10
5 1 101 10004 16777216 2000000000 638565 11
6 1 101 10005 16777216 2000000000 638572 12
