1 2 101 10001 1048576 2000000000 9445 15
3 7 106 10003 1048576 2000000000 10659 52
2 6 105 10002 1048576 2000000000 11692 44
5 4 104 10004 1048576 2000000000 13024 32
1 3 102 10001 1048576 2000000000 14126 22
1 7 106 10001 1048576 2000000000 14486 50
6 3 103 10005 1048576 2000000000 15637 26
2 0 100 10001 1048576 2000000000 19444 1
2 7 106 10002 1048576 2000000000 19490 51
6 7 106 10006 1048576 2000000000 19550 55
4 5 104 10004 1048576 2000000000 19648 39
3 2 102 10002 1048576 2000000000 19853 16
0 5 104 10000 1048576 2000000000 20336 35
1 4 103 10001 1048576 2000000000 20500 29
2 4 103 10002 1048576 2000000000 20545 30
2 3 102 10002 1048576 2000000000 20548 23
1 0 100 10000 1048576 2000000000 20703 0
7 0 100 10006 1048576 2000000000 20706 6
1 6 105 10001 1048576 2000000000 21172 43
7 6 106 10006 1048576 2000000000 21198 48
7 2 102 10006 1048576 2000000000 22106 20
3 0 100 10002 1048576 2000000000 23712 2
3 5 104 10003 1048576 2000000000 24556 38
0 2 101 10000 1048576 2000000000 25499 14
4 2 102 10003 1048576 2000000000 28932 17
5 2 102 10004 1048576 2000000000 28936 18
6 2 102 10005 1048576 2000000000 28940 19
4 0 100 10003 1048576 2000000000 29134 3
5 0 100 10004 1048576 2000000000 29138 4
6 0 100 10005 1048576 2000000000 29142 5
0 1 100 10000 1048576 2000000000 29740 7
1 5 104 10001 1048576 2000000000 29741 36
3 1 101 10002 1048576 2000000000 29744 9
2 5 104 10002 1048576 2000000000 29744 37
7 1 101 10006 1048576 2000000000 29748 13
6 5 105 10005 1048576 2000000000 29765 40
5 7 106 10005 1048576 2000000000 29807 54
4 7 106 10004 1048576 2000000000 29819 53
3 4 103 10003 1048576 2000000000 30503 31
6 4 104 10005 1048576 2000000000 30505 33
7 5 105 10006 1048576 2000000000 30774 41
7 4 104 10006 1048576 2000000000 31690 34
0 7 106 10000 1048576 2000000000 34118 49
0 4 103 10000 1048576 2000000000 34493 28
0 6 105 10000 1048576 2000000000 38781 42
3 6 105 10003 1048576 2000000000 38784 45
4 6 105 10004 1048576 2000000000 38787 46
5 6 105 10005 1048576 2000000000 38790 47
0 3 102 10000 1048576 2000000000 40598 21
4 3 103 10003 1048576 2000000000 40602 24
5 3 103 10004 1048576 2000000000 40606 25
7 3 103 10006 1048576 2000000000 40610 27
2 1 101 10001 1048576 2000000000 40797 8
4 1 101 10003 1048576 2000000000 40800 10
5 1 101 10004 1048576 2000000000 40803 11
6 1 101 10005 1048576 2000000000 40806 12
