3 2 100 10000 2097152 2000000000 19497 0
5 4 100 10000 2097152 2000000000 20305 0
7 6 100 10000 2097152 2000000000 20415 0
6 5 100 10000 2097152 2000000000 20707 0
2 1 100 10000 2097152 2000000000 20709 0
1 0 100 10000 2097152 2000000000 20709 0
0 7 100 10000 2097152 2000000000 21115 0
4 3 100 10000 2097152 2000000000 81271 0
0 7 101 10001 2097152 2000083270 19496 1
1 0 101 10001 2097152 2000083270 20102 1
6 5 101 10001 2097152 2000083270 20104 1
2 1 101 10001 2097152 2000083270 20304 1
5 4 101 10001 2097152 2000083270 23133 1
4 3 101 10001 2097152 2000083270 42170 1
7 6 101 10001 2097152 2000083270 64982 1
3 2 101 10001 2097152 2000083270 66764 1
3 2 102 10002 2097152 2000152034 20103 2
0 7 102 10002 2097152 2000152034 20305 2
6 5 102 10002 2097152 2000152034 20709 2
5 4 102 10002 2097152 2000152034 23502 2
7 6 102 10002 2097152 2000152034 23502 2
4 3 102 10002 2097152 2000152034 23511 2
2 1 102 10002 2097152 2000152034 45103 2
1 0 102 10002 2097152 2000152034 46955 2
7 6 103 10003 2097152 2000200989 19497 3
6 5 103 10003 2097152 2000200989 19901 3
5 4 103 10003 2097152 2000200989 20505 3
3 2 103 10003 2097152 2000200989 22296 3
1 0 103 10003 2097152 2000200989 23159 3
4 3 103 10003 2097152 2000200989 23508 3
2 1 103 10003 2097152 2000200989 56649 3
0 7 103 10003 2097152 2000200989 67317 3
4 3 104 10004 2097152 2000270306 18687 4
6 5 104 10004 2097152 2000270306 19091 4
2 1 104 10004 2097152 2000270306 19295 4
1 0 104 10004 2097152 2000270306 19701 4
3 2 104 10004 2097152 2000270306 20305 4
0 7 104 10004 2097152 2000270306 21111 4
5 4 104 10004 2097152 2000270306 23135 4
7 6 104 10004 2097152 2000270306 62335 4
7 6 105 10005 2097152 2000334640 20102 5
6 5 105 10005 2097152 2000334640 20304 5
1 0 105 10005 2097152 2000334640 20506 5
5 4 105 10005 2097152 2000334640 20708 5
3 2 105 10005 2097152 2000334640 20712 5
4 3 105 10005 2097152 2000334640 22923 5
2 1 105 10005 2097152 2000334640 23094 5
0 7 105 10005 2097152 2000334640 23200 5
4 3 106 10006 2097152 2000359839 19902 6
2 1 106 10006 2097152 2000359839 20102 6
6 5 106 10006 2097152 2000359839 20308 6
3 2 106 10006 2097152 2000359839 20508 6
5 4 106 10006 2097152 2000359839 22194 6
7 6 106 10006 2097152 2000359839 22659 6
0 7 106 10006 2097152 2000359839 22696 6
1 0 106 10006 2097152 2000359839 22697 6
3 2 107 10007 2097152 2000384535 19900 7
7 6 107 10007 2097152 2000384535 20506 7
6 5 107 10007 2097152 2000384535 20708 7
2 1 107 10007 2097152 2000384535 21522 7
1 0 107 10007 2097152 2000384535 22094 7
4 3 107 10007 2097152 2000384535 22294 7
5 4 107 10007 2097152 2000384535 22500 7
0 7 107 10007 2097152 2000384535 23499 7
1 0 108 10008 2097152 2000410034 19699 8
7 6 108 10008 2097152 2000410034 19699 8
6 5 108 10008 2097152 2000410034 20303 8
4 3 108 10008 2097152 2000410034 20307 8
0 7 108 10008 2097152 2000410034 22144 8
5 4 108 10008 2097152 2000410034 23295 8
3 2 108 10008 2097152 2000410034 23319 8
2 1 108 10008 2097152 2000410034 23497 8
2 1 109 10009 2097152 2000435531 19497 9
1 0 109 10009 2097152 2000435531 20507 9
7 6 109 10009 2097152 2000435531 20509 9
0 7 109 10009 2097152 2000435531 22499 9
6 5 109 10009 2097152 2000435531 22504 9
5 4 109 10009 2097152 2000435531 22998 9
3 2 109 10009 2097152 2000435531 23320 9
4 3 109 10009 2097152 2000435531 23350 9
3 2 110 10010 2097152 2000460881 20103 10
2 1 110 10010 2097152 2000460881 20305 10
6 5 110 10010 2097152 2000460881 21632 10
7 6 110 10010 2097152 2000460881 22234 10
1 0 110 10010 2097152 2000460881 22322 10
5 4 110 10010 2097152 2000460881 22538 10
4 3 110 10010 2097152 2000460881 23516 10
0 7 110 10010 2097152 2000460881 24000 10
2 1 111 10011 2097152 2000486881 19495 11
6 5 111 10011 2097152 2000486881 19697 11
4 3 111 10011 2097152 2000486881 19699 11
7 6 111 10011 2097152 2000486881 20305 11
5 4 111 10011 2097152 2000486881 22510 11
0 7 111 10011 2097152 2000486881 22730 11
3 2 111 10011 2097152 2000486881 22907 11
1 0 111 10011 2097152 2000486881 22934 11
0 7 112 10012 2097152 2000511814 19496 12
6 5 112 10012 2097152 2000511814 20312 12
7 6 112 10012 2097152 2000511814 20712 12
1 0 112 10012 2097152 2000511814 22311 12
4 3 112 10012 2097152 2000511814 22494 12
2 1 112 10012 2097152 2000511814 22715 12
3 2 112 10012 2097152 2000511814 22921 12
5 4 112 10012 2097152 2000511814 23683 12
1 0 113 10013 2097152 2000537496 19092 13
6 5 113 10013 2097152 2000537496 20510 13
7 6 113 10013 2097152 2000537496 22097 13
3 2 113 10013 2097152 2000537496 22717 13
5 4 113 10013 2097152 2000537496 22741 13
2 1 113 10013 2097152 2000537496 23503 13
4 3 113 10013 2097152 2000537496 23505 13
0 7 113 10013 2097152 2000537496 23519 13
