1 2 101 10001 1048576 2000000000 10017 15
2 6 105 10002 1048576 2000000000 11788 44
3 7 106 10003 1048576 2000000000 12841 52
5 4 104 10004 1048576 2000000000 13052 32
1 3 102 10001 1048576 2000000000 14090 22
1 7 106 10001 1048576 2000000000 14438 50
6 3 103 10005 1048576 2000000000 15913 26
2 0 100 10001 1048576 2000000000 20284 1
4 5 104 10004 1048576 2000000000 20556 39
2 4 103 10002 1048576 2000000000 20737 30
2 3 102 10002 1048576 2000000000 20740 23
2 7 106 10002 1048576 2000000000 20836 51
6 7 106 10006 1048576 2000000000 20848 55
3 2 102 10002 1048576 2000000000 21129 16
7 2 102 10006 1048576 2000000000 21806 20
1 4 103 10001 1048576 2000000000 22414 29
0 5 104 10000 1048576 2000000000 22964 35
3 0 100 10002 1048576 2000000000 23022 2
1 0 100 10000 1048576 2000000000 23465 0
7 0 100 10006 1048576 2000000000 23468 6
1 6 105 10001 1048576 2000000000 23878 43
7 6 106 10006 1048576 2000000000 23888 48
3 5 104 10003 1048576 2000000000 24694 38
0 2 101 10000 1048576 2000000000 25297 14
7 5 105 10006 1048576 2000000000 30186 41
4 2 102 10003 1048576 2000000000 30710 17
5 2 102 10004 1048576 2000000000 30714 18
6 2 102 10005 1048576 2000000000 30718 19
7 4 104 10006 1048576 2000000000 31594 34
4 0 100 10003 1048576 2000000000 32078 3
5 0 100 10004 1048576 2000000000 32082 4
6 0 100 10005 1048576 2000000000 32086 5
0 1 100 10000 1048576 2000000000 32272 7
3 1 101 10002 1048576 2000000000 32276 9
7 1 101 10006 1048576 2000000000 32280 13
4 7 106 10004 1048576 2000000000 32718 53
5 7 106 10005 1048576 2000000000 32727 54
1 5 104 10001 1048576 2000000000 33027 36
2 5 104 10002 1048576 2000000000 33030 37
6 5 105 10005 1048576 2000000000 33037 40
0 7 106 10000 1048576 2000000000 34108 49
3 4 103 10003 1048576 2000000000 34181 31
6 4 104 10005 1048576 2000000000 34183 33
0 4 103 10000 1048576 2000000000 34915 28
0 6 105 10000 1048576 2000000000 41565 42
3 6 105 10003 1048576 2000000000 41568 45
4 6 105 10004 1048576 2000000000 41571 46
5 6 105 10005 1048576 2000000000 41574 47
0 3 102 10000 1048576 2000000000 44676 21
4 3 103 10003 1048576 2000000000 44680 24
5 3 103 10004 1048576 2000000000 44684 25
7 3 103 10006 1048576 2000000000 44688 27
2 1 101 10001 1048576 2000000000 45459 8
4 1 101 10003 1048576 2000000000 45462 10
5 1 101 10004 1048576 2000000000 45465 11
6 1 101 10005 1048576 2000000000 45468 12
