3 2 100 10000 2097152 2000000000 21081 0
5 4 100 10000 2097152 2000000000 22681 0
2 1 100 10000 2097152 2000000000 22785 0
7 6 100 10000 2097152 2000000000 22819 0
1 0 100 10000 2097152 2000000000 23449 0
6 5 100 10000 2097152 2000000000 23761 0
0 7 100 10000 2097152 2000000000 23895 0
4 3 100 10000 2097152 2000000000 70313 0
0 7 101 10001 2097152 2000072313 20881 1
6 5 101 10001 2097152 2000072313 21619 1
1 0 101 10001 2097152 2000072313 22681 1
2 1 101 10001 2097152 2000072313 23495 1
5 4 101 10001 2097152 2000072313 24854 1
4 3 101 10001 2097152 2000072313 39073 1
3 2 101 10001 2097152 2000072313 53805 1
7 6 101 10001 2097152 2000072313 65631 1
3 2 102 10002 2097152 2000139943 21882 2
0 7 102 10002 2097152 2000139943 22682 2
6 5 102 10002 2097152 2000139943 22682 2
5 4 102 10002 2097152 2000139943 24107 2
4 3 102 10002 2097152 2000139943 24436 2
7 6 102 10002 2097152 2000139943 24775 2
2 1 102 10002 2097152 2000139943 41108 2
1 0 102 10002 2097152 2000139943 45374 2
5 4 103 10003 2097152 2000187317 20681 3
7 6 103 10003 2097152 2000187317 20685 3
6 5 103 10003 2097152 2000187317 21595 3
3 2 103 10003 2097152 2000187317 24116 3
4 3 103 10003 2097152 2000187317 24176 3
1 0 103 10003 2097152 2000187317 25525 3
2 1 103 10003 2097152 2000187317 51773 3
0 7 103 10003 2097152 2000187317 68053 3
1 0 104 10004 2097152 2000257370 20281 4
6 5 104 10004 2097152 2000257370 20449 4
3 2 104 10004 2097152 2000257370 20681 4
4 3 104 10004 2097152 2000257370 21567 4
2 1 104 10004 2097152 2000257370 23299 4
0 7 104 10004 2097152 2000257370 23481 4
5 4 104 10004 2097152 2000257370 23893 4
7 6 104 10004 2097152 2000257370 51525 4
1 0 105 10005 2097152 2000310895 19569 5
3 2 105 10005 2097152 2000310895 21189 5
6 5 105 10005 2097152 2000310895 21643 5
7 6 105 10005 2097152 2000310895 21965 5
5 4 105 10005 2097152 2000310895 22461 5
0 7 105 10005 2097152 2000310895 24557 5
2 1 105 10005 2097152 2000310895 24621 5
4 3 105 10005 2097152 2000310895 24926 5
2 1 106 10006 2097152 2000337821 21481 6
4 3 106 10006 2097152 2000337821 21493 6
6 5 106 10006 2097152 2000337821 22349 6
3 2 106 10006 2097152 2000337821 22375 6
7 6 106 10006 2097152 2000337821 22381 6
0 7 106 10006 2097152 2000337821 23076 6
1 0 106 10006 2097152 2000337821 24521 6
5 4 106 10006 2097152 2000337821 24596 6
6 5 107 10007 2097152 2000364417 22429 7
7 6 107 10007 2097152 2000364417 22681 7
3 2 107 10007 2097152 2000364417 22693 7
2 1 107 10007 2097152 2000364417 23081 7
1 0 107 10007 2097152 2000364417 23444 7
4 3 107 10007 2097152 2000364417 23499 7
0 7 107 10007 2097152 2000364417 24093 7
5 4 107 10007 2097152 2000364417 24311 7
1 0 108 10008 2097152 2000390728 20281 8
7 6 108 10008 2097152 2000390728 20795 8
6 5 108 10008 2097152 2000390728 22145 8
0 7 108 10008 2097152 2000390728 23394 8
4 3 108 10008 2097152 2000390728 23849 8
3 2 108 10008 2097152 2000390728 24221 8
2 1 108 10008 2097152 2000390728 24477 8
5 4 108 10008 2097152 2000390728 25678 8
2 1 109 10009 2097152 2000418406 20685 9
7 6 109 10009 2097152 2000418406 21215 9
1 0 109 10009 2097152 2000418406 21881 9
0 7 109 10009 2097152 2000418406 23048 9
5 4 109 10009 2097152 2000418406 23197 9
6 5 109 10009 2097152 2000418406 23588 9
4 3 109 10009 2097152 2000418406 24411 9
3 2 109 10009 2097152 2000418406 24855 9
3 2 110 10010 2097152 2000445260 21482 10
6 5 110 10010 2097152 2000445260 22097 10
2 1 110 10010 2097152 2000445260 22282 10
1 0 110 10010 2097152 2000445260 23233 10
7 6 110 10010 2097152 2000445260 23601 10
5 4 110 10010 2097152 2000445260 24473 10
4 3 110 10010 2097152 2000445260 25531 10
0 7 110 10010 2097152 2000445260 26081 10
6 5 111 10011 2097152 2000473341 19081 11
7 6 111 10011 2097152 2000473341 21581 11
4 3 111 10011 2097152 2000473341 22385 11
2 1 111 10011 2097152 2000473341 22611 11
5 4 111 10011 2097152 2000473341 23076 11
0 7 111 10011 2097152 2000473341 23356 11
3 2 111 10011 2097152 2000473341 24811 11
1 0 111 10011 2097152 2000473341 24968 11
0 7 112 10012 2097152 2000500309 19881 12
6 5 112 10012 2097152 2000500309 21589 12
4 3 112 10012 2097152 2000500309 23020 12
2 1 112 10012 2097152 2000500309 24088 12
7 6 112 10012 2097152 2000500309 24093 12
3 2 112 10012 2097152 2000500309 24820 12
5 4 112 10012 2097152 2000500309 25520 12
1 0 112 10012 2097152 2000500309 26080 12
1 0 113 10013 2097152 2000528388 20282 13
3 2 113 10013 2097152 2000528388 22387 13
4 3 113 10013 2097152 2000528388 22731 13
6 5 113 10013 2097152 2000528388 22886 13
7 6 113 10013 2097152 2000528388 23637 13
5 4 113 10013 2097152 2000528388 23753 13
0 7 113 10013 2097152 2000528388 23899 13
2 1 113 10013 2097152 2000528388 24253 13
