3 2 100 10000 131072 2000000000 1332 0
5 4 100 10000 131072 2000000000 1332 0
6 5 100 10000 131072 2000000000 1536 0
2 1 100 10000 131072 2000000000 2132 0
7 6 100 10000 131072 2000000000 2134 0
1 0 100 10000 131072 2000000000 2222 0
0 7 100 10000 131072 2000000000 2738 0
4 3 100 10000 131072 2000000000 19192 0
6 5 101 10001 131072 2000021192 1332 1
0 7 101 10001 131072 2000021192 1332 1
1 0 101 10001 131072 2000021192 1332 1
2 1 101 10001 131072 2000021192 2134 1
4 3 101 10001 131072 2000021192 9742 1
3 2 101 10001 131072 2000021192 9900 1
5 4 101 10001 131072 2000021192 19190 1
7 6 101 10001 131072 2000021192 19192 1
0 7 102 10002 131072 2000042384 1332 2
3 2 102 10002 131072 2000042384 1732 2
6 5 102 10002 131072 2000042384 1732 2
5 4 102 10002 131072 2000042384 4192 2
4 3 102 10002 131072 2000042384 7476 2
7 6 102 10002 131072 2000042384 7918 2
2 1 102 10002 131072 2000042384 16770 2
1 0 102 10002 131072 2000042384 16820 2
5 4 103 10003 131072 2000061204 1332 3
7 6 103 10003 131072 2000061204 1732 3
6 5 103 10003 131072 2000061204 1810 3
4 3 103 10003 131072 2000061204 2918 3
1 0 103 10003 131072 2000061204 3410 3
3 2 103 10003 131072 2000061204 5014 3
2 1 103 10003 131072 2000061204 19192 3
0 7 103 10003 131072 2000061204 19192 3
1 0 104 10004 131072 2000082395 1333 4
2 1 104 10004 131072 2000082395 1333 4
3 2 104 10004 131072 2000082395 1333 4
0 7 104 10004 131072 2000082395 1333 4
4 3 104 10004 131072 2000082395 1333 4
6 5 104 10004 131072 2000082395 1733 4
5 4 104 10004 131072 2000082395 2547 4
7 6 104 10004 131072 2000082395 19193 4
3 2 105 10005 131072 2000103588 1332 5
1 0 105 10005 131072 2000103588 1332 5
5 4 105 10005 131072 2000103588 1332 5
4 3 105 10005 131072 2000103588 1662 5
7 6 105 10005 131072 2000103588 1732 5
6 5 105 10005 131072 2000103588 2132 5
0 7 105 10005 131072 2000103588 2916 5
2 1 105 10005 131072 2000103588 8730 5
2 1 106 10006 131072 2000114318 1332 6
4 3 106 10006 131072 2000114318 1332 6
6 5 106 10006 131072 2000114318 1732 6
3 2 106 10006 131072 2000114318 1732 6
5 4 106 10006 131072 2000114318 2346 6
7 6 106 10006 131072 2000114318 2434 6
1 0 106 10006 131072 2000114318 2930 6
0 7 106 10006 131072 2000114318 9698 6
2 1 107 10007 131072 2000126015 1333 7
3 2 107 10007 131072 2000126015 1333 7
7 6 107 10007 131072 2000126015 1333 7
6 5 107 10007 131072 2000126015 1333 7
5 4 107 10007 131072 2000126015 1559 7
0 7 107 10007 131072 2000126015 1567 7
4 3 107 10007 131072 2000126015 1671 7
1 0 107 10007 131072 2000126015 9697 7
4 3 108 10008 131072 2000137712 1332 8
6 5 108 10008 131072 2000137712 1332 8
1 0 108 10008 131072 2000137712 1332 8
0 7 108 10008 131072 2000137712 1522 8
7 6 108 10008 131072 2000137712 1732 8
5 4 108 10008 131072 2000137712 1894 8
3 2 108 10008 131072 2000137712 2686 8
2 1 108 10008 131072 2000137712 4932 8
7 6 109 10009 131072 2000144644 1332 9
1 0 109 10009 131072 2000144644 1332 9
3 2 109 10009 131072 2000144644 1776 9
6 5 109 10009 131072 2000144644 1868 9
5 4 109 10009 131072 2000144644 1874 9
2 1 109 10009 131072 2000144644 1938 9
0 7 109 10009 131072 2000144644 2066 9
4 3 109 10009 131072 2000144644 3290 9
3 2 110 10010 131072 2000149934 1332 10
2 1 110 10010 131072 2000149934 1332 10
0 7 110 10010 131072 2000149934 1524 10
7 6 110 10010 131072 2000149934 1752 10
4 3 110 10010 131072 2000149934 1932 10
6 5 110 10010 131072 2000149934 2128 10
5 4 110 10010 131072 2000149934 2262 10
1 0 110 10010 131072 2000149934 6510 10
4 3 111 10011 131072 2000158444 1332 11
2 1 111 10011 131072 2000158444 1332 11
5 4 111 10011 131072 2000158444 1562 11
6 5 111 10011 131072 2000158444 2132 11
7 6 111 10011 131072 2000158444 2132 11
3 2 111 10011 131072 2000158444 2222 11
1 0 111 10011 131072 2000158444 2580 11
0 7 111 10011 131072 2000158444 3100 11
7 6 112 10012 131072 2000163543 1333 12
0 7 112 10012 131072 2000163543 1333 12
5 4 112 10012 131072 2000163543 1521 12
6 5 112 10012 131072 2000163543 1733 12
4 3 112 10012 131072 2000163543 1871 12
1 0 112 10012 131072 2000163543 1871 12
3 2 112 10012 131072 2000163543 1921 12
2 1 112 10012 131072 2000163543 2023 12
1 0 113 10013 131072 2000167566 1332 13
4 3 113 10013 131072 2000167566 1520 13
0 7 113 10013 131072 2000167566 1520 13
7 6 113 10013 131072 2000167566 1520 13
5 4 113 10013 131072 2000167566 1522 13
6 5 113 10013 131072 2000167566 1732 13
3 2 113 10013 131072 2000167566 1870 13
2 1 113 10013 131072 2000167566 1870 13
