3 2 100 10000 524288 2000000000 4721 0
2 1 100 10000 524288 2000000000 5521 0
5 4 100 10000 524288 2000000000 5521 0
6 5 100 10000 524288 2000000000 5985 0
1 0 100 10000 524288 2000000000 6411 0
0 7 100 10000 524288 2000000000 6723 0
7 6 100 10000 524288 2000000000 6929 0
4 3 100 10000 524288 2000000000 51804 0
0 7 101 10001 524288 2000053804 5121 1
2 1 101 10001 524288 2000053804 5327 1
1 0 101 10001 524288 2000053804 5921 1
5 4 101 10001 524288 2000053804 6678 1
4 3 101 10001 524288 2000053804 20090 1
3 2 101 10001 524288 2000053804 24074 1
7 6 101 10001 524288 2000053804 44260 1
6 5 101 10001 524288 2000053804 505920 1
6 5 102 10002 524288 2000561724 5121 2
0 7 102 10002 524288 2000561724 5799 2
3 2 102 10002 524288 2000561724 5921 2
4 3 102 10002 524288 2000561724 7092 2
5 4 102 10002 524288 2000561724 9678 2
7 6 102 10002 524288 2000561724 16342 2
2 1 102 10002 524288 2000561724 24118 2
1 0 102 10002 524288 2000561724 25112 2
7 6 103 10003 524288 2000588836 5523 3
6 5 103 10003 524288 2000588836 5599 3
3 2 103 10003 524288 2000588836 5822 3
4 3 103 10003 524288 2000588836 6266 3
5 4 103 10003 524288 2000588836 6321 3
1 0 103 10003 524288 2000588836 6948 3
2 1 103 10003 524288 2000588836 33740 3
0 7 103 10003 524288 2000588836 49044 3
0 7 104 10004 524288 2000639880 5457 4
6 5 104 10004 524288 2000639880 5521 4
2 1 104 10004 524288 2000639880 5525 4
4 3 104 10004 524288 2000639880 5525 4
5 4 104 10004 524288 2000639880 5676 4
3 2 104 10004 524288 2000639880 5921 4
1 0 104 10004 524288 2000639880 7091 4
7 6 104 10004 524288 2000639880 32628 4
6 5 105 10005 524288 2000674508 5121 5
4 3 105 10005 524288 2000674508 5894 5
3 2 105 10005 524288 2000674508 5921 5
7 6 105 10005 524288 2000674508 5925 5
5 4 105 10005 524288 2000674508 5933 5
2 1 105 10005 524288 2000674508 6214 5
1 0 105 10005 524288 2000674508 6721 5
0 7 105 10005 524288 2000674508 6792 5
3 2 106 10006 524288 2000683300 5121 6
5 4 106 10006 524288 2000683300 5474 6
6 5 106 10006 524288 2000683300 5521 6
2 1 106 10006 524288 2000683300 5521 6
1 0 106 10006 524288 2000683300 5824 6
4 3 106 10006 524288 2000683300 5925 6
0 7 106 10006 524288 2000683300 6282 6
7 6 106 10006 524288 2000683300 6918 6
4 3 107 10007 524288 2000692218 5476 7
1 0 107 10007 524288 2000692218 5824 7
0 7 107 10007 524288 2000692218 5824 7
7 6 107 10007 524288 2000692218 5921 7
6 5 107 10007 524288 2000692218 5921 7
2 1 107 10007 524288 2000692218 5921 7
3 2 107 10007 524288 2000692218 5925 7
5 4 107 10007 524288 2000692218 6528 7
1 0 108 10008 524288 2000700746 5121 8
6 5 108 10008 524288 2000700746 5521 8
7 6 108 10008 524288 2000700746 5921 8
2 1 108 10008 524288 2000700746 5926 8
4 3 108 10008 524288 2000700746 6085 8
0 7 108 10008 524288 2000700746 6316 8
3 2 108 10008 524288 2000700746 7006 8
5 4 108 10008 524288 2000700746 7220 8
6 5 109 10009 524288 2000709966 5474 9
2 1 109 10009 524288 2000709966 5523 9
3 2 109 10009 524288 2000709966 5822 9
0 7 109 10009 524288 2000709966 5824 9
4 3 109 10009 524288 2000709966 6178 9
1 0 109 10009 524288 2000709966 6321 9
7 6 109 10009 524288 2000709966 6321 9
5 4 109 10009 524288 2000709966 6570 9
5 4 110 10010 524288 2000718536 5474 10
2 1 110 10010 524288 2000718536 5521 10
3 2 110 10010 524288 2000718536 5521 10
1 0 110 10010 524288 2000718536 5824 10
0 7 110 10010 524288 2000718536 5826 10
4 3 110 10010 524288 2000718536 5938 10
6 5 110 10010 524288 2000718536 6874 10
7 6 110 10010 524288 2000718536 7228 10
4 3 111 10011 524288 2000727764 4721 11
6 5 111 10011 524288 2000727764 4721 11
7 6 111 10011 524288 2000727764 5135 11
2 1 111 10011 524288 2000727764 5521 11
1 0 111 10011 524288 2000727764 5824 11
0 7 111 10011 524288 2000727764 6370 11
3 2 111 10011 524288 2000727764 6868 11
5 4 111 10011 524288 2000727764 7218 11
0 7 112 10012 524288 2000736981 5122 12
2 1 112 10012 524288 2000736981 5823 12
4 3 112 10012 524288 2000736981 5945 12
1 0 112 10012 524288 2000736981 6171 12
5 4 112 10012 524288 2000736981 6177 12
6 5 112 10012 524288 2000736981 6322 12
7 6 112 10012 524288 2000736981 6322 12
3 2 112 10012 524288 2000736981 6537 12
2 1 113 10013 524288 2000745518 5474 13
4 3 113 10013 524288 2000745518 5820 13
0 7 113 10013 524288 2000745518 5826 13
5 4 113 10013 524288 2000745518 6008 13
7 6 113 10013 524288 2000745518 6174 13
1 0 113 10013 524288 2000745518 6321 13
6 5 113 10013 524288 2000745518 6501 13
3 2 113 10013 524288 2000745518 6618 13
