1 2 101 10001 16777216 2000000000 169407 15
3 7 106 10003 16777216 2000000000 183681 52
2 6 105 10002 16777216 2000000000 190565 44
5 4 104 10004 16777216 2000000000 200255 32
1 3 102 10001 16777216 2000000000 223205 22
1 7 106 10001 16777216 2000000000 224777 50
6 3 103 10005 16777216 2000000000 245141 26
2 3 102 10002 16777216 2000000000 319001 23
2 4 103 10002 16777216 2000000000 325788 30
4 5 104 10004 16777216 2000000000 338247 39
3 2 102 10002 16777216 2000000000 339451 16
6 7 106 10006 16777216 2000000000 339959 55
2 7 106 10002 16777216 2000000000 340053 51
7 0 100 10006 16777216 2000000000 342421 6
1 0 100 10000 16777216 2000000000 342423 0
0 5 104 10000 16777216 2000000000 343643 35
7 2 102 10006 16777216 2000000000 345473 20
1 6 105 10001 16777216 2000000000 347301 43
7 6 106 10006 16777216 2000000000 347507 48
1 4 103 10001 16777216 2000000000 349289 29
2 0 100 10001 16777216 2000000000 349841 1
3 5 104 10003 16777216 2000000000 383961 38
3 0 100 10002 16777216 2000000000 388396 2
0 2 101 10000 16777216 2000000000 406373 14
7 5 105 10006 16777216 2000000000 501336 41
4 2 102 10003 16777216 2000000000 503317 17
5 2 102 10004 16777216 2000000000 503324 18
6 2 102 10005 16777216 2000000000 503331 19
4 0 100 10003 16777216 2000000000 506299 3
5 0 100 10004 16777216 2000000000 506306 4
6 0 100 10005 16777216 2000000000 506313 5
7 4 104 10006 16777216 2000000000 507991 34
1 5 104 10001 16777216 2000000000 508597 36
2 5 104 10002 16777216 2000000000 508604 37
6 5 105 10005 16777216 2000000000 508809 40
0 1 100 10000 16777216 2000000000 513501 7
3 1 101 10002 16777216 2000000000 513508 9
7 1 101 10006 16777216 2000000000 513515 13
5 7 106 10005 16777216 2000000000 516561 54
4 7 106 10004 16777216 2000000000 516573 53
3 4 103 10003 16777216 2000000000 519532 31
6 4 104 10005 16777216 2000000000 519539 33
0 7 106 10000 16777216 2000000000 541620 49
0 4 103 10000 16777216 2000000000 543067 28
0 3 102 10000 16777216 2000000000 679127 21
4 3 103 10003 16777216 2000000000 679134 24
5 3 103 10004 16777216 2000000000 679141 25
7 3 103 10006 16777216 2000000000 679148 27
0 6 105 10000 16777216 2000000000 691255 42
3 6 105 10003 16777216 2000000000 691262 45
4 6 105 10004 16777216 2000000000 691269 46
5 6 105 10005 16777216 2000000000 691276 47
2 1 101 10001 16777216 2000000000 702665 8
4 1 101 10003 16777216 2000000000 702672 10
5 1 101 10004 16777216 2000000000 702679 11
6 1 101 10005 16777216 2000000000 702686 12
