1 2 101 10001 4194304 2000000000 42560 15
3 7 106 10003 4194304 2000000000 45160 52
2 6 105 10002 4194304 2000000000 47648 44
5 4 104 10004 4194304 2000000000 50406 32
1 3 102 10001 4194304 2000000000 55344 22
1 7 106 10001 4194304 2000000000 56244 50
6 3 103 10005 4194304 2000000000 62460 26
2 3 102 10002 4194304 2000000000 79956 23
2 4 103 10002 4194304 2000000000 81374 30
3 2 102 10002 4194304 2000000000 83336 16
4 5 104 10004 4194304 2000000000 83658 39
6 7 106 10006 4194304 2000000000 84464 55
2 7 106 10002 4194304 2000000000 84562 51
2 0 100 10001 4194304 2000000000 85574 1
1 4 103 10001 4194304 2000000000 87304 29
0 5 104 10000 4194304 2000000000 87486 35
7 2 102 10006 4194304 2000000000 88128 20
1 6 105 10001 4194304 2000000000 88296 43
7 6 106 10006 4194304 2000000000 88308 48
1 0 100 10000 4194304 2000000000 89498 0
7 0 100 10006 4194304 2000000000 89500 6
3 0 100 10002 4194304 2000000000 96400 2
3 5 104 10003 4194304 2000000000 97914 38
0 2 101 10000 4194304 2000000000 99444 14
7 5 105 10006 4194304 2000000000 124274 41
4 2 102 10003 4194304 2000000000 125536 17
5 2 102 10004 4194304 2000000000 125538 18
6 2 102 10005 4194304 2000000000 125540 19
7 4 104 10006 4194304 2000000000 127036 34
0 1 100 10000 4194304 2000000000 128234 7
3 1 101 10002 4194304 2000000000 128236 9
7 1 101 10006 4194304 2000000000 128238 13
1 5 104 10001 4194304 2000000000 128790 36
2 5 104 10002 4194304 2000000000 128790 37
6 5 105 10005 4194304 2000000000 128804 40
4 0 100 10003 4194304 2000000000 129164 3
5 0 100 10004 4194304 2000000000 129166 4
6 0 100 10005 4194304 2000000000 129168 5
5 7 106 10005 4194304 2000000000 131248 54
4 7 106 10004 4194304 2000000000 131250 53
3 4 103 10003 4194304 2000000000 132486 31
6 4 104 10005 4194304 2000000000 132488 33
0 7 106 10000 4194304 2000000000 136190 49
0 4 103 10000 4194304 2000000000 136912 28
0 6 105 10000 4194304 2000000000 169790 42
3 6 105 10003 4194304 2000000000 169792 45
4 6 105 10004 4194304 2000000000 169794 46
5 6 105 10005 4194304 2000000000 169796 47
0 3 102 10000 4194304 2000000000 174488 21
4 3 103 10003 4194304 2000000000 174490 24
5 3 103 10004 4194304 2000000000 174492 25
7 3 103 10006 4194304 2000000000 174494 27
2 1 101 10001 4194304 2000000000 177110 8
4 1 101 10003 4194304 2000000000 177112 10
5 1 101 10004 4194304 2000000000 177114 11
6 1 101 10005 4194304 2000000000 177116 12
