2 1 100 10000 524288 2000000000 5693 0
3 2 100 10000 524288 2000000000 5921 0
5 4 100 10000 524288 2000000000 5927 0
7 6 100 10000 524288 2000000000 6329 0
1 0 100 10000 524288 2000000000 6525 0
6 5 100 10000 524288 2000000000 6731 0
0 7 100 10000 524288 2000000000 7375 0
4 3 100 10000 524288 2000000000 61244 0
0 7 101 10001 524288 2000063244 5921 1
6 5 101 10001 524288 2000063244 6525 1
2 1 101 10001 524288 2000063244 6525 1
1 0 101 10001 524288 2000063244 7121 1
5 4 101 10001 524288 2000063244 7492 1
4 3 101 10001 524288 2000063244 13404 1
3 2 101 10001 524288 2000063244 17084 1
7 6 101 10001 524288 2000063244 46468 1
5 4 102 10002 524288 2000111711 6171 2
0 7 102 10002 524288 2000111711 6322 2
6 5 102 10002 524288 2000111711 6526 2
3 2 102 10002 524288 2000111711 6722 2
7 6 102 10002 524288 2000111711 6983 2
4 3 102 10002 524288 2000111711 7191 2
2 1 102 10002 524288 2000111711 71533 2
1 0 102 10002 524288 2000111711 71545 2
7 6 103 10003 524288 2000185256 5521 3
5 4 103 10003 524288 2000185256 6035 3
6 5 103 10003 524288 2000185256 6321 3
1 0 103 10003 524288 2000185256 6502 3
4 3 103 10003 524288 2000185256 6544 3
3 2 103 10003 524288 2000185256 19206 3
0 7 103 10003 524288 2000185256 20896 3
2 1 103 10003 524288 2000185256 32922 3
6 5 104 10004 524288 2000220178 5121 4
2 1 104 10004 524288 2000220178 5523 4
5 4 104 10004 524288 2000220178 6052 4
3 2 104 10004 524288 2000220178 6121 4
4 3 104 10004 524288 2000220178 6281 4
0 7 104 10004 524288 2000220178 6321 4
1 0 104 10004 524288 2000220178 6327 4
7 6 104 10004 524288 2000220178 27914 4
6 5 105 10005 524288 2000250092 4925 5
5 4 105 10005 524288 2000250092 5689 5
7 6 105 10005 524288 2000250092 5709 5
3 2 105 10005 524288 2000250092 5921 5
1 0 105 10005 524288 2000250092 6321 5
0 7 105 10005 524288 2000250092 6522 5
2 1 105 10005 524288 2000250092 6564 5
4 3 105 10005 524288 2000250092 7194 5
3 2 106 10006 524288 2000259286 5123 6
4 3 106 10006 524288 2000259286 5327 6
1 0 106 10006 524288 2000259286 5888 6
7 6 106 10006 524288 2000259286 6122 6
6 5 106 10006 524288 2000259286 6321 6
2 1 106 10006 524288 2000259286 6721 6
0 7 106 10006 524288 2000259286 6922 6
5 4 106 10006 524288 2000259286 7306 6
4 3 107 10007 524288 2000268591 5477 7
7 6 107 10007 524288 2000268591 5922 7
6 5 107 10007 524288 2000268591 5922 7
3 2 107 10007 524288 2000268591 5924 7
2 1 107 10007 524288 2000268591 5928 7
1 0 107 10007 524288 2000268591 6499 7
5 4 107 10007 524288 2000268591 6981 7
0 7 107 10007 524288 2000268591 7115 7
6 5 108 10008 524288 2000277705 5122 8
2 1 108 10008 524288 2000277705 5633 8
0 7 108 10008 524288 2000277705 5913 8
3 2 108 10008 524288 2000277705 6211 8
7 6 108 10008 524288 2000277705 6322 8
4 3 108 10008 524288 2000277705 6486 8
1 0 108 10008 524288 2000277705 6526 8
5 4 108 10008 524288 2000277705 6527 8
7 6 109 10009 524288 2000286232 5121 9
1 0 109 10009 524288 2000286232 6325 9
2 1 109 10009 524288 2000286232 6431 9
6 5 109 10009 524288 2000286232 6522 9
5 4 109 10009 524288 2000286232 6628 9
3 2 109 10009 524288 2000286232 7058 9
4 3 109 10009 524288 2000286232 7478 9
0 7 109 10009 524288 2000286232 7606 9
2 1 110 10010 524288 2000295838 5521 10
4 3 110 10010 524288 2000295838 5650 10
6 5 110 10010 524288 2000295838 6074 10
0 7 110 10010 524288 2000295838 6114 10
1 0 110 10010 524288 2000295838 6212 10
3 2 110 10010 524288 2000295838 6431 10
5 4 110 10010 524288 2000295838 6526 10
7 6 110 10010 524288 2000295838 6590 10
2 1 111 10011 524288 2000304428 5121 11
6 5 111 10011 524288 2000304428 5123 11
4 3 111 10011 524288 2000304428 5565 11
3 2 111 10011 524288 2000304428 5638 11
5 4 111 10011 524288 2000304428 5890 11
1 0 111 10011 524288 2000304428 6180 11
0 7 111 10011 524288 2000304428 6282 11
7 6 111 10011 524288 2000304428 7839 11
6 5 112 10012 524288 2000314266 5922 12
7 6 112 10012 524288 2000314266 5922 12
4 3 112 10012 524288 2000314266 6182 12
1 0 112 10012 524288 2000314266 6524 12
3 2 112 10012 524288 2000314266 6572 12
0 7 112 10012 524288 2000314266 6722 12
5 4 112 10012 524288 2000314266 6852 12
2 1 112 10012 524288 2000314266 7284 12
3 2 113 10013 524288 2000323550 5702 13
6 5 113 10013 524288 2000323550 5921 13
7 6 113 10013 524288 2000323550 5956 13
2 1 113 10013 524288 2000323550 6172 13
4 3 113 10013 524288 2000323550 6220 13
5 4 113 10013 524288 2000323550 6490 13
1 0 113 10013 524288 2000323550 6721 13
0 7 113 10013 524288 2000323550 7164 13
