1 2 101 10001 4194304 2000000000 43130 15
3 7 106 10003 4194304 2000000000 46088 52
2 6 105 10002 4194304 2000000000 46092 44
5 4 104 10004 4194304 2000000000 61656 32
1 3 102 10001 4194304 2000000000 66934 22
1 7 106 10001 4194304 2000000000 67808 50
6 3 103 10005 4194304 2000000000 70280 26
0 5 104 10000 4194304 2000000000 83156 35
6 7 106 10006 4194304 2000000000 83778 55
2 7 106 10002 4194304 2000000000 86802 51
1 6 105 10001 4194304 2000000000 87530 43
7 6 106 10006 4194304 2000000000 87602 48
2 0 100 10001 4194304 2000000000 88478 1
7 0 100 10006 4194304 2000000000 88760 6
1 0 100 10000 4194304 2000000000 88954 0
1 4 103 10001 4194304 2000000000 89618 29
2 4 103 10002 4194304 2000000000 92560 30
2 3 102 10002 4194304 2000000000 93186 23
3 2 102 10002 4194304 2000000000 95380 16
4 5 104 10004 4194304 2000000000 96962 39
7 2 102 10006 4194304 2000000000 105218 20
3 5 104 10003 4194304 2000000000 112980 38
3 0 100 10002 4194304 2000000000 115298 2
0 2 101 10000 4194304 2000000000 116920 14
4 2 102 10003 4194304 2000000000 126048 17
5 2 102 10004 4194304 2000000000 126050 18
6 2 102 10005 4194304 2000000000 126052 19
2 5 104 10002 4194304 2000000000 126298 37
6 5 105 10005 4194304 2000000000 126300 40
1 5 104 10001 4194304 2000000000 126336 36
0 1 100 10000 4194304 2000000000 127414 7
7 1 101 10006 4194304 2000000000 127418 13
4 0 100 10003 4194304 2000000000 127574 3
5 0 100 10004 4194304 2000000000 127576 4
6 0 100 10005 4194304 2000000000 127578 5
3 1 101 10002 4194304 2000000000 129018 9
4 7 106 10004 4194304 2000000000 130294 53
5 7 106 10005 4194304 2000000000 130296 54
6 4 104 10005 4194304 2000000000 134546 33
3 4 103 10003 4194304 2000000000 134570 31
7 5 105 10006 4194304 2000000000 148620 41
7 4 104 10006 4194304 2000000000 150734 34
0 7 106 10000 4194304 2000000000 159116 49
0 4 103 10000 4194304 2000000000 162246 28
3 6 105 10003 4194304 2000000000 169690 45
4 6 105 10004 4194304 2000000000 169692 46
5 6 105 10005 4194304 2000000000 169694 47
0 3 102 10000 4194304 2000000000 170874 21
4 3 103 10003 4194304 2000000000 170876 24
5 3 103 10004 4194304 2000000000 170878 25
7 3 103 10006 4194304 2000000000 171252 27
0 6 105 10000 4194304 2000000000 171492 42
2 1 101 10001 4194304 2000000000 174188 8
4 1 101 10003 4194304 2000000000 174190 10
5 1 101 10004 4194304 2000000000 174192 11
6 1 101 10005 4194304 2000000000 174194 12
